06272
61392
35779
20267
17205
79774
20804
83778
43966
14422
88350
33167
59500
60808
53961
47742
06013
01689
46849
07605
38174
88574
21047
46819
12120
25023
81937
48844
83005
37583
94904
75668
20770
72824
93670
26179
85375
44603
44918
34737
79361
53753
12018
54993
74679
70708
43158
54598
28162
02859
95559
70846
99985
90668
15115
27962
21638
72747
21839
22318
37049
15461
74511
50839
13877
33463
60614
00597
55795
31387
23661
51081
25812
34996
82444
93481
81150
60014
16530
40635
95273
99719
59048
77888
79922
18071
14312
70949
38846
77865
51554
60801
73566
26995
98576
44805
62531
10239
61742
99607
13698
71209
07547
38837
83450
73148
16591
83479
19727
90261
90624
36831
62857
71425
36249
44667
75365
83004
61110
51546
55148
38702
37081
85963
57322
36205
93822
08126
49482
83994
67101
06913
78349
15176
87446
05192
38212
77971
39120
19279
97444
78067
96082
67677
02958
92953
57989
73617
87884
15942
04634
91112
22100
33062
71136
94913
71501
81858
28804
75789
02714
15701
50635
04743
22189
99288
90560
32968
73942
92321
84419
71979
08215
21919
22766
22047
71676
24957
89037
10444
37921
85174
70725
16162
42401
95510
43856
24218
34348
40186
74531
10552
01113
34281
75854
19094
63206
01319
26470
25962
73861
75499
31171
40272
98348
18630
29498
73522
05940
58926
37262
91326
32357
53510
57130
63564
46124
13172
39552
02844
68866
04803
66155
67157
48236
40804
59135
44862
00227
78616
60556
54048
88736
30025
89576
49771
27904
17353
17511
78405
95011
35140
33486
23624
55022
98854
31268
97077
43919
78428
72721
55984
23865
95140
91931
08366
98368
89072
59898
51060
37661
51555
72625
97297
72017
67023
19168
29478
74681
54835
81490
58854
25652
15274
00665
41882
90263
97250
79283
55093
20482
48948
02571
98935
41201
15673
63810
99760
29372
71239
31644
93121
91188
17646
37212
72939
30721
09028
44592
95340
60612
45741
16722
91014
55697
01177
24361
39986
49486
03174
96942
17870
66161
66287
60932
08431
83238
83373
93435
67773
43739
28862
94875
48793
11841
23566
87850
92687
70992
87959
79676
18588
11581
96345
86418
67383
07407
08789
60820
32942
72447
52605
42677
73593
86663
64598
39554
64667
62331
39664
53176
62161
18562
77438
91510
71757
54260
56875
83490
18968
45860
02064
07980
43883
34913
78959
31410
30651
35385
80893
81575
16149
12891
11248
72364
91683
34382
35048
35319
68510
45811
46280
62282
34120
73867
29987
17418
57015
67130
15798
88205
92845
47779
50996
51343
01555
71531
43731
68489
76039
37923
84278
81491
18597
31672
39846
66607
46347
86236
34814
78519
67321
84243
42188
54397
96490
77278
64351
72212
14411
44008
09939
14532
68175
11146
60995
37749
72662
43622
87746
95391
95876
33732
48682
16795
94249
70444
54530
92723
76850
04474
09283
17615
73803
26111
97214
60509
83653
74765
35179
08811
74332
66441
38026
07349
50670
35077
30650
99960
97069
53450
28569
28873
06778
70824
47824
86104
99168
81518
61804
20930
38804
12082
86522
76827
98631
27393
61537
45562
31670
49368
72962
12453
75389
19627
91796
28003
79436
14348
75454
45488
98471
27155
72890
60799
41409
44441
96633
27126
58039
67665
01663
06763
23175
01534
93124
82542
39008
83384
06793
32465
24099
14658
19911
87600
71595
84363
88037
15524
61747
29995
76306
81343
59410
70606
40599
97988
92226
10673
09402
31702
34243
91704
14118
42940
12340
77338
11100
60956
30619
25612
95542
04182
00465
89170
56357
27835
91179
26871
63259
74123
64111
64353
30878
13577
60115
53122
75411
65540
84266
94952
20625
69289
28102
40367
59814
32334
33028
59974
41957
88416
29271
51125
63833
57269
96545
42913
43518
49974
68040
24503
17524
92089
52673
88517
09906
22150
31038
87103
82489
08355
88607
37019
96289
05333
50100
33052
11566
59788
52018
68319
46737
29555
46901
91724
48536
47710
98426
64618
68715
94514
14971
75986
40478
77731
38018
81801
57832
03696
71068
03274
79802
63104
53038
52753
96254
09834
41896
08471
13035
48655
15493
41742
58321
27886
25684
25884
79584
62205
60699
40504
76083
33629
44043
68364
77896
20389
78436
05302
83802
27737
75879
60039
40933
19445
23795
94919
30225
33117
85386
35793
06373
41544
33438
61438
37278
64923
16264
61081
35557
93218
62643
82512
55880
34056
54229
82025
72900
05939
65401
33878
18987
39453
90011
02688
78517
09794
68572
10165
60966
73639
89320
16330
90562
99108
63696
84751
28380
34461
79279
66515
67482
61948
30232
04688
71993
39062
99491
64135
36669
83927
96199
58350
47212
56272
66346
46670
81271
98076
84750
26761
83595
56279
62851
44082
51982
93602
34028
99795
63011
55250
03847
09179
94075
43969
60797
09586
27536
65509
97409
75496
05062
96568
30896
99843
99178
52026
13067
48709
56326
48645
31630
10868
62313
23491
06979
97870
79030
68402
35760
49776
23005
04983
34010
39447
58519
63008
09340
92613
47815
92732
28976
58152
67536
01452
64407
13448
58622
01926
62775
54956
23532
68509
80193
65142
58074
21699
33966
59602
17992
19110
96746
10094
47857
56059
86690
72455
37014
31165
27900
62019
61936
16938
20338
72860
71963
74651
26401
28588
58331
11058
74365
97342
60214
87372
82546
29635
51122
06814
61971
09636
25638
69498
34434
93566
04740
00995
97731
32155
75224
31122
77794
25214
51550
80482
26764
22191
84988
07586
92918
50597
89169
67990
26585
38097
24018
39392
90315
97942
36047
86691
31723
41938
76441
18428
89762
71265
79331
62927
85370
24734
51587
95004
48354
54072
13018
19482
32016
75330
01531
87965
07556
63931
68533
51566
37818
12382
44606
92332
62162
31724
70807
10801
04171
56089
24768
34472
86992
67075
70262
61073
58004
94563
14623
31867
04939
14947
53329
79209
31865
73455
49069
49533
08405
86157
00036
63401
68835
39826
03506
67457
67816
67531
01957
65518
88030
68295
15819
17565
70655
59697
51729
59112
69788
81282
09341
02600
77394
86502
58291
38589
79005
32666
57676
77536
14902
59725
19617
47189
69292
70634
10827
77069
50061
31132
67456
12790
97127
53867
58277
55551
63554
11496
55892
22776
31463
37482
45224
46899
07405
67275
89719
41558
65136
09117
86824
49918
80294
19061
20198
58337
91558
47034
50997
97383
47754
90706
28597
64739
59015
31639
49598
11870
54539
46942
47309
52361
67775
71578
88200
71496
58945
75630
37618
46645
41117
77611
77461
41386
93501
41874
86451
25213
76759
85120
97829
79963
76733
02413
78175
59798
43717
63073
86752
16573
56440
32731
08687
51517
64734
22547
85252
97029
81457
22938
15756
83310
02781
42239
56023
77194
50588
47164
80272
04927
09349
80738
12553
73355
15816
42363
48019
83828
85350
85575
74857
23507
80427
13306
10703
69247
03365
06579
32626
80461
39523
68669
99248
27819
90806
82872
42842
11130
06986
22013
94427
60510
89158
47412
48034
95529
75100
44650
03001
59175
75364
09470
43804
14111
64436
47362
12260
79684
08324
70206
12923
94559
15952
05861
65639
86375
40990
89771
76212
31254
97049
15000
89635
75072
16991
73152
38907
61368
64437
56580
83389
19879
81339
38537
60264
98496
95836
54701
92960
10266
31429
61076
50535
25349
85887
37595
44804
71689
06705
88167
75286
61470
02811
55981
25409
35421
00356
18791
63046
39546
61944
04559
85027
81200
67553
54968
63818
78344
36661
32990
79355
38819
84538
04828
58759
97215
92990
62666
85539
48218
05712
62711
22394
11591
49804
74620
02138
73835
00530
02116
31542
34526
18613
92429
66450
31885
88620
62222
02299
91262
51755
73496
14483
77646
05858
71432
55243
78061
70924
16317
49267
24854
23524
04920
76371
79306
89036
25776
98715
75170
40844
24766
33550
00656
70713
96526
62175
64679
15117
57282
61885
30333
54950
09187
53187
78723
56715
42287
32569
20418
26941
81287
93839
71100
11250
07435
92803
61667
52007
62705
58471
10608
82262
03765
68756
99294
84813
58303
07500
62289
68797
00980
75777
87819
48417
48367
84008
40002
61484
11531
70317
97969
41301
33140
38153
05709
78957
01920
40180
57938
70084
13115
56544
42895
99490
73968
21477
92888
75984
95258
71150
00260
30897
08437
96860
48409
11682
69771
76469
22921
23641
13981
38807
73219
94825
97965
18818
50905
01547
29194
52973
09789
11691
82988
24238
58936
35328
88025
98228
52412
25630
75920
48464
25368
39312
08732
26181
30051
47088
93086
57258
01683
59062
28196
34916
44642
38984
96481
54620
75250
13368
54252
01316
94097
93937
01938
35961
81511
97805
04924
77112
72981
57305
98359
69946
97547
29202
28669
50753
62158
73935
39901
61931
92829
17946
49680
39194
21058
47423
11780
48083
34888
68848
27515
55582
05354
59252
56034
85961
48607
29793
12784
02647
72722
04825
19594
45385
84871
98105
44293
60863
42183
74076
77787
98022
01510
83511
76080
41194
26120
53367
17657
77374
63959
36093
31657
91575
04889
36715
64801
63129
97657
72360
13736
27426
62627
23914
94928
07584
19010
67771
28630
59376
19342
11367
23152
18370
84096
08314
92335
97525
98016
17352
94150
01363
27882
14857
72974
60679
66797
67249
33932
04781
67886
32374
73331
49672
12359
46698
70549
06129
08162
83977
78974
79319
34547
41553
71587
48934
43295
83063
08268
82114
31913
59605
31203
48573
82177
27677
48454
43636
19112
32312
42716
17630
02530
64742
44806
83794
62540
48243
10918
01951
69601
58513
53313
56030
00722
95428
22715
89212
52531
53802
43182
01521
33103
40853
01691
19690
78821
31819
73096
20305
91837
77542
11818
25026
73550
89928
29574
23955
77891
98524
54540
05436
27484
49382
44235
33381
98318
89759
16371
89271
62101
09988
46619
68985
64546
95956
98394
66745
02616
87191
92077
47238
69397
77232
01367
47490
23095
80485
23300
19371
49507
58584
05414
09335
93838
28925
23775
01254
79053
57707
21928
96118
20356
04016
46762
55874
14177
27665
10893
72992
41266
65282
68497
16983
79160
16646
32871
66122
46590
25959
62618
16735
17030
18437
87575
06667
47436
23962
57167
38090
75699
35442
52139
11111
59420
79227
52427
22568
39894
47566
27985
47254
22810
20671
05500
67705
86121
75173
26225
13362
20553
26290
41714
72053
38474
18322
53985
76785
91088
97240
78138
80494
66578
81292
55794
80678
76104
86707
60169
65608
77173
79784
99664
17476
85399
89095
44789
43787
13781
13200
38047
98586
66136
28254
97858
63292
72215
08503
11969
42713
35429
71749
97287
78355
72139
74665
44959
87896
78954
83970
95260
05003
70426
36507
20859
71357
22280
87989
61557
60751
43544
32365
36501
39323
41703
14143
22289
68662
69089
05241
85540
48029
51284
50779
12839
27474
26636
46185
01108
28875
03198
50768
52008
93805
95541
16639
04771
68197
30352
89933
03646
54445
73166
96009
63708
81080
53479
22968
57529
99184
35352
82743
27064
14200
17968
39632
93329
35087
31898
82874
85489
95915
56016
57544
74073
94550
36692
57241
45508
07518
53789
77881
65106
24221
58421
27445
77687
69473
38298
17472
59001
07630
58910
27431
91128
22260
29104
04904
05450
94280
37855
30865
01210
69119
34091
32350
97670
94017
38265
54275
40648
57988
73108
97394
94513
91314
34299
21146
63385
77267
33698
47118
68968
22086
30202
37779
56735
88250
14291
24913
95764
75694
32986
27774
75677
75988
18529
64401
26066
66698
74706
39851
81390
32947
94057
17572
98232
43163
75261
66730
54263
92707
07428
14822
47075
21581
48505
76838
78627
30018
33581
28748
55075
53682
06946
19640
99121
16128
16512
87901
84215
81832
17002
29133
11972
95494
75593
90608
47676
60523
64819
36697
60868
67462
59635
72458
38666
22317
34823
24963
68061
50064
24593
05433
41681
14021
51634
59936
15389
00616
57772
42503
98378
15746
34997
22846
81949
83529
55180
01744
54364
07414
70919
35391
92951
27947
61000
29422
66673
83126
50039
23960
47769
72184
70347
16285
62870
75021
73413
29374
86788
45396
05832
28649
07934
57137
70289
40248
32721
22186
61822
32568
91140
96288
96352
44541
00538
51098
55323
18237
24526
31570
24719
71403
85493
73843
64771
54914
68265
42242
33552
82514
58458
86956
08560
31306
12718
97794
76898
12861
29541
42355
28399
45797
54334
29716
09184
65227
71744
38938
91685
00819
46887
23856
99714
61978
57351
66962
03857
38326
14805
36303
45998
87733
20278
28596
77822
88845
74403
47397
84449
92908
25249
57300
27751
66890
36184
97980
96176
26832
63393
42264
35636
04230
42369
87736
86012
40010
96982
79820
69994
28146
86557
78180
43214
27460
87632
81376
31947
21626
86225
12052
87355
57928
37641
07431
30035
68781
07148
58201
95580
80446
58252
83816
39257
47105
92111
85392
72704
65874
38141
41229
84600
25196
27088
31952
94373
89894
72428
75256
25354
96167
37379
13958
53653
70858
70607
01433
21980
08553
71756
08698
74791
84566
28921
75786
67247
48363
73047
34891
19672
10035
51632
75821
42627
95573
07249
50421
37815
70994
74025
69206
10512
70912
58368
21074
81988
78761
97757
75776
55342
97289
58444
17594
08978
27772
20410
52142
26213
66939
92396
94539
31209
19478
58019
35659
85248
20776
78074
66770
07263
94841
30155
05545
73319
24455
90751
42734
83447
30590
76043
13913
63599
66895
56578
89610
19521
29588
91379
72766
75392
76252
02845
86808
17143
61830
42498
59911
42711
66030
95313
95256
64066
44426
20823
68614
27328
87320
36070
42797
34007
45963
29711
22350
27271
86525
88549
09027
77660
21076
30337
82733
55510
35432
25676
91680
46915
00780
50600
82753
69784
24875
75055
08086
79834
78661
31735
26359
98953
57678
65549
18545
42233
74286
93106
15118
34615
57054
96894
39254
10375
19899
68956
50390
05429
54488
08257
24285
35123
28780
49117
90062
94110
79998
18537
30139
25496
80112
97884
49944
24917
67017
56457
81942
99015
31806
51608
81284
53458
91137
78741
37351
17623
36138
78063
80897
44375
83239
01977
98914
30847
34140
27238
34256
66458
93006
96250
63291
07253
41287
81932
75665
19433
52217
03742
77297
06453
46099
20843
45423
44733
42915
93011
33351
37026
63113
75958
77235
04462
74865
58974
12927
46837
16100
59704
17772
74384
47386
61127
03879
27107
85124
13938
53514
01120
64692
69347
81771
24306
97346
66356
63012
54740
14956
13010
19262
35785
81843
99899
04278
76438
12202
11704
27860
52367
26161
85556
31882
00008
04510
43625
49526
44206
08902
84815
28631
21293
56644
35738
84684
46527
07706
47146
23282
75812
24258
71020
74479
08291
21268
94162
46640
97202
81171
30653
83398
75686
37655
96653
40226
70911
21613
84977
34663
57658
39981
16516
62480
74306
52191
82084
59046
97784
73000
38614
37355
41203
67464
02078
42580
56015
60406
56447
26725
71724
46562
67472
18112
06055
89063
18788
84474
83198
64017
30172
03346
33205
62987
33543
90411
28348
12042
31704
72983
96440
30298
94189
89229
56859
30551
20429
92269
86589
83357
57650
24177
88769
93598
40873
02048
19005
96682
08728
82281
47520
39688
28626
61217
56895
66238
16554
89667
37202
11372
86272
87935
52455
27364
47183
04712
45612
71402
00380
64744
03422
32759
78240
34254
27312
26749
32520
21383
57759
51119
27315
53851
74694
63785
17881
01591
11912
12912
50151
51751
27218
55432
58652
56070
37503
56466
95218
91277
28104
88454
90300
85189
03498
51271
04961
38576
72385
98643
83410
72195
19147
27756
57627
68352
23621
71720
49043
64980
83192
34251
14986
15448
74193
66448
71034
13173
13976
50383
58134
81734
43806
73214
72271
43661
23786
02422
12733
93702
78155
33007
45111
54335
49513
03048
64820
19019
19451
47080
62237
62819
25526
93199
37684
02643
89749
72539
81188
67541
62283
16448
16292
44979
39483
74553
99212
60627
76443
57192
71117
14849
38806
39142
72013
72273
22153
75706
59986
62360
56956
23486
14060
77806
44538
47920
30470
78019
88344
58987
24275
11688
52039
59306
42660
30634
69107
11017
41176
18581
33578
58083
49683
29470
41261
95946
99138
75895
80186
76962
30861
13587
13279
94461
70174
28715
39471
31987
93663
30511
26173
27010
36820
45929
39834
12035
06809
23922
83500
52751
68010
96840
11626
47808
63782
29075
44309
30709
29325
85410
89837
93353
84627
52445
96768
11979
94843
76233
62267
10060
08439
57758
82969
33859
81819
33807
79271
50861
99011
46847
11036
28479
53195
03354
97036
15087
60256
59365
45146
07752
44906
07087
47031
04976
05949
26134
74280
77490
46066
43601
73262
73288
40447
05921
69694
24240
45787
93591
17262
81976
68438
66288
74612
17777
64854
13548
75342
25036
48650
17067
23940
98939
86922
91867
86581
99904
32187
13968
64907
88560
45394
14960
10449
80868
27378
74535
56265
32655
66804
86646
20600
15577
43395
37689
44456
98047
22221
25936
62301
02092
29715
06588
56820
99650
73293
32815
28987
51393
56463
04816
33266
29890
76081
15651
28310
41487
72476
33053
62872
09017
50470
58302
16544
54095
19990
06725
97286
95557
50437
51523
52590
85330
99101
63066
88974
27979
30303
07514
90708
36946
79713
47928
32691
71560
62256
51338
24276
38237
75305
92917
68467
26868
41972
67817
77010
84455
31820
79069
66304
82571
71270
20654
67513
39946
58803
31640
82794
92427
22985
57535
81688
62947
98498
78890
67053
83136
21179
16455
54591
89593
56930
98728
77249
32217
34505
95911
27203
05918
23561
74967
15365
97916
61685
03436
37821
56849
56966
53836
02079
64975
66111
44404
51910
43833
44982
73110
17367
29576
90241
55690
09158
85529
05376
40561
52353
15827
02446
13635
54393
24477
38143
80323
08216
53825
81541
17409
59520
52189
80780
96517
94719
45041
32030
09695
83981
83836
86426
14651
45178
97088
54502
93573
72227
23528
94032
63225
61670
25187
70594
28709
04348
47017
88112
07192
35811
84805
57131
38189
01438
69791
11059
55750
50803
41935
01022
75443
46277
33710
19350
68091
13690
63312
14041
50650
63274
74889
83407
98886
55649
68766
67810
81447
45368
74707
04459
64553
50326
27223
21137
59760
52069
01878
63664
48940
12764
33174
36424
63762
99569
81601
02369
34358
08286
51727
92510
35438
37519
97367
01456
01834
62300
09395
72570
71463
36995
16451
83142
67083
49286
22065
24757
80117
76637
70831
12780
49409
21162
83598
62658
55169
42868
65906
21301
40253
25243
57573
35706
17497
78563
79602
53024
89868
40111
93816
97144
40547
14647
00018
06474
93853
69838
56570
30887
97138
50863
13673
86568
92526
34928
73381
44354
74614
91481
61556
14679
13801
86222
75734
35445
26978
49350
44661
08151
15913
89822
01358
84345
24955
51269
33745
22642
47001
74208
34367
57787
53681
44399
63943
87044
28474
40581
57966
43630
30760
91597
55942
26770
34716
20354
24548
11886
06654
96835
40151
79628
62781
09773
48312
65246
13724
69861
80963
63750
16479
01808
08071
96965
61613
61792
71798
94733
43037
87805
83132
07448
26172
98187
95601
45556
55719
72616
50443
51928
05542
18965
29140
10255
58341
57481
23622
81604
62027
72811
07852
24452
80315
69721
75493
61377
39750
82449
11078
33209
99287
37989
05623
33982
59496
15929
49682
99194
07153
06637
73427
95871
69970
50497
95380
73771
24973
04659
71506
94807
40355
74465
72673
33465
66938
15415
07121
06834
68377
89071
23925
22638
31990
75882
80699
03844
99659
54722
22616
64865
18414
94705
30970
79554
43985
45987
83189
07346
61246
84179
22497
29843
43989
71728
65855
44605
97437
38761
54771
23999
52876
73646
80036
65135
63076
67820
12399
99446
45301
02660
97552
69060
06608
17166
00996
54960
49566
34155
73311
38963
66631
07370
68569
72249
53433
98479
40397
91638
38400
66497
38019
15139
73445
28779
97242
12292
97514
99247
21909
25859
26247
05113
21089
48765
15645
16769
70287
20927
30242
10190
18706
73857
25052
83764
78858
87081
15891
48748
33297
70398
15495
99369
97263
63345
96634
08519
38681
32026
97676
83326
06472
75582
31110
74742
38116
88146
90230
25289
30152
16643
57400
85900
57608
03416
41076
45418
46056
81355
98505
03908
73252
08374
96446
89523
25471
06209
13236
90895
94670
76189
62485
15643
06626
89433
73736
91670
77849
47468
26625
15029
39115
14293
05863
75407
11594
55526
99216
73078
58410
30834
97086
49047
79735
49245
26733
61950
14603
33469
99462
19305
16676
74648
33149
00920
17331
51749
83566
56728
95994
14813
95962
01308
78602
94527
07679
22845
34351
25248
72281
86514
47804
25792
48486
90966
38601
31362
68430
11094
48807
84811
97261
60560
21817
66749
54064
42617
40092
34551
68656
29690
88444
25749
16150
46916
46456
02814
67838
41452
53042
41946
42209
08574
00054
17663
09016
99544
15552
15719
30496
74771
66940
67545
56122
87217
20725
30536
33479
05907
87657
95362
73653
89182
49834
91060
53224
47561
49177
33157
32681
92288
63297
25164
54821
62268
63954
50755
45405
69935
46380
59935
48732
72130
30476
85898
96281
91925
03435
75794
75504
72508
47975
49088
91504
57098
62169
96836
74427
03421
15787
25696
56360
89915
09210
39103
20750
95432
51947
08281
75856
67698
88605
87235
11307
87580
15925
77407
25082
98372
98782
89165
51985
28961
51701
33017
63001
35168
45645
92701
85948
14369
07566
35517
91941
25083
51885
44867
90906
79863
91299
08504
41898
42154
75404
91627
14339
99652
03563
00965
34495
62971
96094
28603
70867
60687
05951
98285
93665
20192
58088
24422
59079
30131
40020
92858
52610
59732
88397
55120
19049
01599
83733
68422
88319
66063
49434
15693
63939
14184
01414
65648
07653
47365
05554
08397
28819
10400
84594
16263
67619
35100
73296
67452
38051
77716
56008
93090
43367
21627
23006
96110
85285
15408
79598
62935
70288
46620
88820
44161
68963
37267
67217
07825
59074
52426
61396
06111
18307
77477
40911
53512
49496
18780
98409
03291
34391
40788
28061
63616
42602
07648
51929
16633
66453
09665
68902
67273
84952
98130
37777
57091
55566
80749
64404
17832
22202
71922
11658
93784
43285
39096
45798
93490
64681
66081
14382
27551
35243
51148
73302
74692
12980
03747
60507
01009
67027
08680
60953
02829
20313
41162
95337
79115
20984
12190
97012
12647
55364
69711
33448
40353
37858
59590
08045
35402
92598
65013
56284
45568
70989
00064
35345
18062
57236
45640
85880
44125
23919
43475
20833
78288
20673
80654
03987
24042
65166
24321
21621
29116
10704
98367
02243
95750
27885
06130
06657
32227
05424
19841
73225
96426
36145
26729
64870
30787
86885
94799
31858
95080
07432
49750
59850
33478
00524
01942
74348
92197
39277
85043
12379
96912
61608
65175
19565
92060
45830
50574
67998
71948
40850
32741
87482
93204
58295
93100
10635
11163
44940
27703
92561
12282
69750
99787
56800
83532
11844
80854
83793
03810
48863
54460
61819
59742
79791
20316
52845
24264
99130
32435
77523
01012
17681
78935
22219
51773
46952
18459
26929
95044
04497
04481
06109
33220
94741
78090
44367
11368
97864
03181
31281
98855
75900
01432
89775
64450
58938
75370
92184
17801
77895
36644
26518
94120
44665
88907
28236
69331
28292
05688
00275
48543
33190
28988
16794
27628
12527
82457
26047
12095
98765
02824
17039
82359
96849
01342
91267
79150
54039
86879
01274
43494
79110
72808
83681
16286
24692
35632
44266
55182
05911
38979
04644
78410
37791
94518
12335
04226
44897
46048
33984
46059
33955
53120
41223
11379
74379
75822
86812
42020
51532
13180
71041
53027
70532
45094
78944
43056
41043
99937
31989
04060
40119
59680
72104
94606
75755
73282
91207
01231
92344
43251
42892
70985
86307
86065
96632
91982
08373
01191
15383
15033
26457
54846
65864
78409
78678
77310
75394
13494
78675
25006
28243
36859
98207
20466
61170
43278
58339
01617
91324
38618
59983
47132
90547
20554
76973
52801
59951
67070
83605
10838
33628
97915
76635
76991
00161
05031
52254
33475
69926
55224
58544
46427
63351
99968
72573
84607
26448
88759
64491
78202
13455
97789
68185
33142
61554
29548
24689
20986
20133
77851
11131
90590
74776
79662
97305
02356
81640
34341
86346
08642
42666
47910
36090
66685
09526
70235
77781
39588
93764
08185
49016
76965
06338
80593
30928
62003
28249
59686
41145
10811
51185
37644
97167
71700
53323
78518
23924
02884
83751
43789
72617
16749
70485
52336
68281
21729
75670
92107
86993
02396
51807
75722
21597
78691
05727
73300
62832
44102
19355
62011
32288
66694
57712
00034
28551
57957
77609
82446
51629
26719
13845
77308
70988
14570
43433
54783
64409
51144
75997
18113
48768
05359
03509
93668
72799
66398
58484
16797
76246
68246
50519
60952
79076
18605
44514
12148
86485
68323
69372
85276
46237
24827
49646
48028
40297
32943
36403
64326
94354
37264
23814
35389
44567
13330
92479
12931
97466
62471
56468
52776
88046
39095
87751
08987
11544
05722
21463
45721
88321
50371
66575
80244
74820
20431
48375
06035
74453
37341
16888
57309
39956
11929
42705
33439
98354
82001
90653
40993
95131
19412
86114
48418
38371
25275
15472
26629
58413
58443
63029
14135
70284
89380
46649
89253
95854
20749
76264
19822
07820
23680
81650
46636
80765
90803
83036
90961
92296
48304
18504
72909
53554
14276
68450
83749
01198
74457
62276
22818
89404
76150
57217
03227
88577
33221
17700
04384
17311
50267
34414
41727
27292
29757
31388
56502
35138
66983
66601
32550
12378
14385
77961
42513
37274
74363
35739
11408
33656
75826
04929
68400
48679
53357
55284
32483
14008
80373
92871
30519
74766
69326
82336
47557
33083
94797
80033
32955
13121
18628
04681
29184
37968
12185
98100
30576
54084
19808
37526
22613
39928
68415
89951
39531
12716
95549
66454
55378
82540
45138
65066
92889
28379
55104
20825
57794
53545
95815
93247
09641
64033
92337
40765
42983
61275
79343
76086
07532
64648
21679
70160
34748
04158
61989
11041
66113
49440
79316
14791
03356
81301
28481
61378
54261
53522
20324
82932
57583
58422
45219
87413
88014
40170
06572
82453
67045
93295
32707
51617
29278
42038
10643
89308
17861
79949
53409
52308
44869
06044
18432
83240
75470
54387
07860
73838
44780
29243
99955
02195
30987
15661
45103
85903
10188
83137
43091
16106
74746
43539
69018
00015
41937
82693
75788
85444
28713
14346
28647
67580
36641
27300
23576
65024
15959
89144
59567
76117
75591
95637
59905
27061
77607
78200
68913
29300
21042
59607
02783
27701
28194
33043
39634
92440
10831
17227
14769
61083
04963
42172
52417
49644
24602
93032
92821
40374
51336
05700
95808
07728
97519
12400
83134
15499
63784
89468
73960
90589
36071
29456
06631
41118
24248
22283
84565
71300
25472
51698
43354
66772
22467
65924
99748
89317
39560
62357
77551
93000
85991
93246
83284
65653
58128
12601
62793
03439
59808
03038
65911
78008
44179
70475
58332
62763
86876
45116
12054
34212
21999
56862
18193
34393
98257
46288
37938
11128
41290
36509
04941
55675
34583
11049
08243
85005
67129
81281
07753
08141
74467
07050
12271
31115
56044
36272
47901
21186
48276
44597
73937
90118
58522
74513
57340
97971
64071
89505
79118
83666
60947
16076
58103
71717
17959
12917
42197
61136
53356
74359
99890
12468
48862
32445
32437
57655
53241
31011
93365
30212
51559
56907
39715
92242
54817
66017
48552
99076
07830
45621
68977
20262
52544
67076
08740
08326
52559
10241
24596
41870
50181
03197
21594
92712
10647
07897
06649
02533
20889
03103
30437
47117
21712
19872
13896
66034
18871
90711
56048
04699
40541
75742
30667
02761
53405
97070
73486
18361
73848
95032
45281
67220
09280
59255
22306
38234
96841
45839
68851
53445
67983
13347
56285
10781
99983
67819
58581
10964
93793
03555
23328
83801
53932
66990
20529
71849
43602
95598
45816
19783
59508
45026
42529
53882
86230
82886
03805
42927
10074
77912
08125
09443
88289
61227
69492
26695
61765
27388
27768
21746
21182
97377
80177
24991
71206
07906
86479
32756
95303
09617
67520
16917
89046
80526
72206
32706
85743
96760
34169
95434
91058
82194
11196
01937
42776
70290
15463
93847
31778
77172
71099
25648
97933
75896
09070
61581
33817
70071
40918
17172
31744
24690
76861
26009
77512
34883
94717
79462
19996
45054
98645
41189
03440
30195
95742
07322
07838
34707
77136
59855
15325
93744
54322
62920
67716
61824
31138
82384
01312
81940
40480
45628
31421
64251
11919
35240
07564
62406
75154
04778
21792
05025
60527
75647
22184
97527
46007
69851
77429
70145
56367
70033
41842
47707
75540
04014
63048
03216
77347
27669
10344
55383
29242
17302
00127
10986
80830
97818
61716
18436
17034
57248
34831
39539
15662
28286
15675
39682
13870
49438
55687
47645
63621
46663
94721
58715
75510
41030
12191
99504
02419
19500
93439
01709
17159
23495
88439
50068
90782
95066
16820
90281
60714
08860
74735
66092
68039
96211
89797
32019
87853
62555
50099
73582
20837
47307
38390
44517
85606
62284
21106
63754
74146
89716
89875
74238
03030
24858
46461
95028
08383
63337
14017
66904
02124
18532
52777
12361
33887
28866
82841
03839
78938
18527
45758
63924
60937
43592
16631
07098
07960
85126
93183
81675
70151
17972
66198
22718
28160
37774
64847
45687
57337
17507
54595
18685
19123
48739
43706
21722
33644
74604
52921
38906
70171
78162
46623
39969
36691
04794
20566
76724
95948
51353
45884
71748
03074
46183
44637
49078
37557
60031
96067
34882
34163
77710
41151
68740
62799
90048
72536
48492
91602
74573
84940
37642
24867
12225
29639
82135
48341
49985
98304
78970
49211
22017
20392
25657
17256
86096
47852
67663
52343
95271
00305
22485
48998
16974
74809
38215
53827
25927
18723
41890
14667
71022
50010
56329
92401
57516
41914
40869
98848
09146
19536
04377
03448
96361
49343
57841
33740
04777
05120
23429
14326
12350
73590
10329
64277
54143
41239
07962
49407
05717
81625
80478
34285
04017
79738
57886
06473
62642
31580
79372
43618
05026
34024
99754
68340
05718
07124
48614
47724
93841
04108
50308
10595
95571
84162
64571
69607
49153
41446
99995
54983
42502
25981
22006
85217
90385
02382
57052
09323
65367
01927
74728
21860
19151
60585
71301
08756
41154
92637
26690
55008
94849
43410
13598
90234
31124
62693
84258
96665
84210
24057
32912
36142
69313
70564
17045
63377
44259
75550
62082
26544
00999
14307
96639
69802
26227
41468
24486
55560
57845
04914
33084
28811
08536
31716
08608
83775
19386
84076
81586
85242
43775
48582
59231
61033
46522
20502
85586
46419
08994
38162
16839
00202
61915
33709
40835
99162
44217
01408
36717
46833
83190
99775
68935
76972
96120
80483
22804
20079
46879
75543
05546
45821
86944
50657
43633
47627
20797
66209
41489
90506
07056
43312
06188
41566
16738
94639
64548
81383
84492
13694
08112
53592
04052
58148
41246
01797
85547
36931
58018
23360
41880
65230
93962
94132
09204
47152
26564
99195
17575
64937
02903
36131
30446
14764
72392
95245
50533
58516
91224
75093
33502
17276
37871
75367
76335
07931
08184
30918
55458
36440
19393
01136
89869
12334
23352
30283
20637
68735
35727
31715
59234
00346
74702
70540
71287
00462
25710
07712
28230
09289
91893
42905
74498
17542
17212
90451
47382
39413
49827
55010
12964
49863
02289
94987
92839
79103
85740
19562
29449
96720
67250
28242
69309
17226
11909
08505
79356
45120
39515
59393
56232
36682
27915
99353
25685
98055
92477
46877
64193
47977
45519
96128
38723
45761
25993
04583
17198
83358
14984
19863
72046
67680
39292
19411
13346
34094
25946
37493
99510
80084
95010
42898
47668
08929
01634
75875
35825
90571
41157
41757
03662
73228
20557
89649
10032
41858
78735
62087
79514
81742
66021
45587
61894
73599
55676
16456
27448
23979
57472
05420
16347
50352
26709
74001
48857
02506
43983
03736
04096
64500
61090
90528
23465
68891
53624
04028
22381
59938
39910
62683
84990
88612
31423
28198
58576
87776
23418
41520
12098
86497
76450
16537
45458
30403
71467
24566
39659
23070
69990
18500
16130
07502
32752
88649
96511
63601
15886
51953
93720
20644
03584
56062
03611
37549
50771
49432
70014
35413
18434
89346
40455
07601
51790
07919
00219
94926
37459
28940
73814
72675
94798
07888
53084
72591
61749
47463
85551
37143
05203
25620
77505
85836
38376
56835
98403
73351
22594
15946
33743
61661
00187
00421
44872
06517
01753
87023
43183
59698
05228
24085
24239
90850
37587
32482
28949
92985
00508
40383
13971
89616
20773
52138
40085
31547
09712
01437
91653
38412
13270
63588
74658
40559
65280
80512
01415
97104
43632
41632
45973
24301
67569
87753
34933
92527
91110
45060
80295
22966
61398
75500
26500
84783
94751
21378
05627
49713
13112
16083
14580
40242
69718
87028
76880
95779
01653
41776
06820
09811
68363
24625
48727
77826
04561
53849
72563
27276
82821
05755
80452
05579
50815
25501
12479
67391
92183
46217
43343
88540
48499
43640
52804
93906
46387
69302
46179
79682
38066
34949
68461
59118
28894
48980
42977
86397
01110
44205
40474
85587
58613
82243
43279
53824
25160
19024
14037
53355
56818
74636
34857
07068
98233
57894
79930
78849
56473
00986
36219
22137
86721
87411
07955
77748
32114
22166
67831
16673
20510
88656
36579
89888
19566
23515
62716
24821
51658
87706
99220
11394
94906
92072
10682
08637
39240
60356
57920
58125
91464
80146
99190
43348
90275
22976
30703
60987
29683
91153
90422
32511
29226
70332
72283
52335
92170
30739
69757
16034
35881
48303
77048
18209
56408
76887
84546
32593
82452
73680
85842
98488
34199
34445
68221
26336
98014
51187
54847
22898
28287
55497
17786
26743
63334
26001
05471
41325
52456
88021
00478
42506
19842
93125
39290
51398
93686
26318
54905
47141
60979
50090
82916
34646
36361
89829
70567
36839
76975
50414
32891
12958
40734
71828
93197
82150
62207
92504
22129
81568
76416
56809
85670
58802
89787
23481
62687
81123
23886
12129
59690
73592
63701
48103
46034
10716
55599
09455
88466
18904
26244
83083
76514
71912
16353
81904
41024
77644
42324
27672
64929
00528
83527
06307
57127
69277
58876
17938
60350
31378
10531
02162
64302
68442
45257
51309
85935
37695
94530
61228
76641
59418
03447
95473
15235
82092
39164
02975
62709
69175
23562
06102
08582
66986
86677
91378
20179
71718
30620
58540
89272
71571
27065
63967
56609
89287
14541
94242
61146
22984
16119
01026
52508
51019
45126
58791
07029
46661
87540
27694
47922
46943
87836
98205
70422
91486
13006
43532
99097
67587
16387
00409
31063
15251
60090
61113
87178
41398
22887
37873
63553
11533
92771
70424
06250
42683
89836
40298
09348
39386
31354
20847
24820
95936
77021
03746
47453
85016
45723
08078
34787
93882
69487
55470
10404
47507
47010
76749
41660
48012
47005
02260
56147
71274
47424
15851
99400
28121
85483
21102
37561
89767
72365
43796
70272
45840
69690
62246
39464
52725
42126
65291
93446
60747
76158
12454
33874
28281
56739
42082
42175
95800
92195
70702
93215
41243
88621
80285
89896
61896
29250
31488
68561
76176
05374
88853
51428
77981
90228
67796
82198
03136
66592
29926
29637
15316
02579
78390
77393
71550
16992
75252
24849
38532
88900
94441
76014
20349
92397
03006
03428
37971
89715
93792
44445
79203
38027
81136
23742
35250
57231
07424
06662
95261
18416
18832
51872
92545
23612
86862
14081
37275
85307
17369
57176
45773
54181
05721
85349
84476
57358
75648
95288
05364
96519
41368
39914
35681
42908
07795
26190
84991
71030
05013
25060
39267
79358
96417
30589
38099
75726
19023
30091
53746
09245
11755
17494
52118
63713
72211
91341
02505
25689
38736
48096
61808
03962
40745
06905
17150
78987
47439
90981
61516
48368
24951
55379
78551
42008
62286
76288
76201
89239
69911
57097
50454
73391
08193
81814
75781
94573
04991
34451
32956
57983
37246
29210
36951
20540
94531
67630
56036
45320
68501
52128
75763
42781
80378
62029
58079
46303
65056
49666
51938
88107
31799
71836
15516
84370
59392
59362
45198
96896
33320
54193
70636
30286
38146
99209
53998
73048
33672
96025
88648
34724
12122
63448
04343
30038
44961
09532
70096
63792
15640
86003
36622
10750
36680
38079
24926
79555
69100
94219
29314
32366
60310
10009
45044
98610
02502
74488
12920
28065
11145
65459
66621
55552
48031
90111
30919
53495
56029
16893
83929
96045
65408
39782
86212
84281
71339
70864
16990
89534
07799
00030
15764
87759
03190
88192
21528
44120
26322
53094
81740
11983
19973
79152
70415
83338
71895
97797
91637
43385
50491
89152
57537
97415
94359
55968
47681
42904
24522
75030
25784
62592
36447
39924
82455
38007
25903
88307
88792
15922
86600
04354
05449
13261
93620
85577
62015
33158
51225
63182
40980
18127
38747
81265
74536
34998
68262
62416
43019
75042
19703
62187
37265
81962
90383
16139
71054
08214
36357
49497
54172
68379
10978
39308
17673
53095
56812
42058
96239
43866
82897
39132
35610
02209
23855
21649
31694
29103
85832
48065
78559
66743
23583
98094
34779
59639
86633
18538
06088
53253
86565
62690
92130
44822
32480
60314
76600
60445
48320
32442
17905
96631
90152
16570
14169
17173
24701
76888
65258
40435
15028
22102
21970
61198
96884
03635
74638
60168
83537
19369
82036
63953
06927
44383
78579
45545
02965
38379
09449
77956
56176
39153
57074
23421
45181
52392
14433
64774
53286
09555
43437
28840
94394
75663
74397
05439
15631
30284
73767
01249
78949
08252
93064
94003
92102
35053
88536
96162
41376
05014
19553
30029
60538
33341
15046
60809
88614
76052
52241
71372
37834
01095
45713
37683
35108
57801
85279
20878
47188
07524
14123
08140
28965
55409
09527
10786
54008
93567
27676
59603
90785
53672
88556
64567
19170
17929
37299
63244
82330
75341
81067
41182
77531
04280
15329
70717
31785
04776
99873
51572
69208
69848
17667
78553
61947
42133
06949
77365
81193
74414
49983
00074
89796
44197
86865
31661
44560
72686
88798
87990
22745
57991
19215
39426
79617
69844
14626
50869
13470
83528
53226
98537
65965
25677
84376
83544
60583
97210
40331
13664
65378
89909
41514
63861
58161
52234
20325
04073
06848
62336
40904
89055
45375
35409
02011
34971
54212
87083
66455
75315
04979
79524
79385
29142
77388
26024
43188
48826
84847
15192
09149
18470
34606
00957
90697
22215
41377
96433
32458
10538
17672
31933
85195
24687
84273
84907
05210
44949
85497
71686
29955
31044
85602
48896
78998
45393
28208
37771
01042
84014
05745
01686
02168
77994
29532
60869
65710
36897
62263
74609
96041
33410
32670
21243
28026
85581
39070
70662
33676
91580
23701
16206
33417
61534
57172
63184
23383
83720
99123
80915
51514
34586
91576
26520
96830
89573
70072
45290
59888
06219
38515
49702
35146
95599
63972
55286
69452
20235
92607
29881
27463
82671
94908
88437
27968
84355
50055
83567
81049
90762
54437
78416
47524
95474
98971
31272
61005
12495
00247
16849
33657
20248
80848
93832
05950
35470
32116
99039
05765
58541
62287
63868
70986
27044
12113
12348
96618
47587
62846
84218
30468
14157
12952
39075
02677
16332
16359
82896
29379
89611
47823
80548
92578
49798
90798
03796
48444
65547
94840
00334
37215
60179
20022
96514
31264
94108
51579
56270
59897
34602
81366
26220
65009
62577
41046
95389
98806
91418
18395
43218
70707
85699
80891
83062
75298
00509
00106
28604
44098
96872
56704
93165
09896
23431
00267
85459
57975
13318
99837
10330
13198
25080
81152
88922
45260
73811
25758
17764
01950
63316
61389
58015
70047
44808
55185
09565
14319
37490
20739
58428
64787
74136
76886
29198
30019
63704
83268
45977
90049
73209
18304
56125
15738
68941
08845
35818
30431
69717
25654
86582
32214
00128
24802
12026
36773
24878
99243
93160
70681
33941
08305
05673
62622
42364
32549
66043
96088
69077
99016
54159
11055
67134
77898
07333
40556
34473
64623
42963
93062
76327
85212
43626
30673
39171
52883
61397
17872
21016
40246
02865
16209
50876
63490
47400
96966
29640
23156
67658
30157
08867
30668
60849
13191
40233
11819
00825
23381
63900
89537
48458
93826
84754
13693
54119
66098
99477
36602
07232
81297
20698
52919
90703
14228
79611
95801
17214
79694
67962
85066
21820
38366
90125
01978
14365
45256
73943
59708
39789
36548
60666
25832
86327
46512
13468
23453
96781
92686
71613
71400
37728
00331
74008
86553
69701
08678
75016
26634
55115
00782
58238
74206
80663
70651
70528
59243
14336
37487
45059
55202
87763
38302
49168
35582
31909
36177
37760
80314
31102
55549
42023
98020
02548
11675
81567
81815
63195
35379
55808
50906
51970
62888
83629
21215
18332
53525
61865
24300
75001
09976
43150
30649
70098
20131
23051
20427
26389
47800
09821
38895
05344
33772
52903
43851
96778
05167
59006
16744
02568
37907
51281
05617
93741
59667
33243
72692
83845
63812
24559
37440
21833
82681
23744
46835
93941
97406
14347
87809
84801
32303
14100
05301
50630
95138
45517
37734
23403
45235
68046
73165
81391
74084
24346
94342
97846
47076
65713
74567
51520
24280
46304
06399
67793
71941
10132
72775
44247
10789
45573
58080
16323
45246
04946
89701
03520
46436
54877
18566
79826
42121
35833
47559
01856
97607
56750
39614
99141
01024
05495
01677
07675
96986
74273
10270
86035
68742
53208
28789
39672
40304
92358
19465
96384
59400
64414
72855
84742
02791
41415
05672
00476
16302
83140
47257
34610
98692
38012
68030
22442
39987
23231
29282
47964
00140
18191
07865
72912
31380
70427
33764
42124
22080
42314
80090
84443
04489
12624
73673
57071
09830
26679
25650
44041
45243
71677
84548
00803
07008
25369
67460
68109
00956
16267
66109
78401
18841
14110
16172
58050
13317
81773
45825
53832
50073
60126
97566
81544
05997
51987
68324
59646
56678
53914
25432
77528
49620
12741
68692
49214
58860
64182
50552
20318
94839
53600
54978
89106
82101
96486
11766
04527
94397
04476
84518
54744
86654
84289
21933
38187
61253
01925
17466
74222
17984
14396
94859
50477
37567
19363
22335
06566
43481
37808
90923
52048
92792
36248
19928
03565
54200
41096
76345
54468
68465
08825
17393
29286
17320
37612
11034
90714
65034
32894
32289
13499
40378
10300
22114
15837
40492
35349
57672
02324
13622
85648
85231
00816
41916
98148
73032
70974
22282
11503
06016
95609
41359
05307
69524
42697
43590
20551
08348
16301
42848
84543
67717
95188
97020
48703
36987
62476
96553
75262
34896
83718
96708
38252
69229
35652
36416
81371
34077
36887
54262
60478
80238
04210
49032
93181
04895
62185
14877
69874
23553
48121
80885
73065
68667
55720
71110
67086
25515
77018
97656
59103
12430
49447
53058
52119
97065
69814
02886
60096
69803
20693
14567
56911
14566
95506
62104
81810
60659
87505
05971
33744
92584
28504
33003
51754
57791
62843
31402
12944
06615
34115
99385
06499
96010
70224
48699
60644
73507
09469
06856
80709
65611
24314
48204
51720
72460
95006
63164
90593
19740
29753
75197
64256
45057
02723
15642
42623
81186
56212
35116
15704
29144
41169
88991
49629
84408
94122
21484
21805
98694
00177
14918
61558
49724
75202
11070
07129
27002
67975
19574
38563
37043
60924
98634
63103
28611
86734
41523
11725
63710
41420
12126
90245
59654
88496
28044
63071
23268
15191
89127
50050
99191
18752
94203
66789
46270
12317
52090
02102
38652
52999
42237
55713
32808
30771
22415
57016
43790
79677
54267
56240
52047
76304
20761
42463
17752
32886
44901
77577
37742
99772
43515
84247
39336
40430
89315
38994
31180
45978
11932
55752
57104
69373
38194
29619
55872
74417
17825
26463
76227
47694
95233
06408
97692
72865
28449
89325
30145
08936
07850
43676
40877
73511
45024
28560
36251
12273
73768
22343
73779
88372
63765
08352
43620
08235
18609
42165
26333
87554
79728
52713
91012
61902
27170
64776
89312
95671
71348
74572
35911
80442
18243
90935
72524
40313
71610
43151
14260
97076
99669
15041
13501
64201
63982
63128
41507
52861
96198
20008
00424
53041
56419
48866
45599
11210
47218
42054
16698
99422
50435
01062
60369
47335
31427
97631
74704
51055
69928
68078
00432
31116
43855
96104
79928
89884
39430
94333
89950
86606
98345
11171
91790
28595
04859
70849
70461
82987
38581
82086
23266
60600
47916
48062
90200
09071
73128
85122
16064
42800
20669
41569
99367
00720
16437
06630
25726
13994
22403
21806
49695
61722
81557
11158
66906
95479
92454
66693
50910
82433
53785
33058
30178
54491
52231
81901
17140
00899
64967
81774
29784
68054
97792
98497
43302
84993
78393
81829
04022
35683
93159
99224
67821
41773
68217
84072
86244
87940
04514
86173
58988
05606
65736
32945
16233
15102
53879
82592
33930
87359
11450
51033
08784
58314
64635
06971
18647
82270
36151
83371
60985
71140
88700
94576
21540
29958
51223
73285
79099
85519
39711
67016
50006
17611
76368
59539
72608
37785
05413
70798
22085
18980
25253
53133
36972
74714
53344
99078
18183
52513
29614
54151
10621
24143
44204
43026
44446
30608
22787
53698
89025
68310
17342
39369
72300
14755
63157
54463
59757
46254
83757
42576
57896
19909
68677
61366
22796
00710
79905
81797
34658
17602
70263
44014
00300
66204
12176
34964
22357
35655
67510
00196
16653
63591
37965
54777
35383
11631
87059
74249
56093
19667
66982
68072
44532
03888
00900
82500
59941
01627
38060
10242
47391
82670
20196
86912
49913
78154
79156
01994
48903
00848
48102
35888
64622
57829
09922
02964
64898
43588
52659
49071
90251
00629
63084
77392
61210
54107
85785
68714
97109
78783
13575
13243
61448
22649
93150
90517
21748
38872
72419
81927
41015
00883
26959
91269
19076
05909
78098
28883
05242
85736
09878
52886
55299
13634
37453
59982
90905
65197
58562
30428
82871
81142
25009
40839
76545
99776
69090
13119
99346
85470
84846
02358
05790
98220
35465
10144
68741
10794
26848
58707
23055
24940
46290
89613
32108
25062
71312
59910
87194
14210
71951
76858
51096
58472
38554
09778
22409
21566
93152
33051
61979
26550
06596
47885
61701
60241
77186
22987
95624
88043
26042
74110
78498
84467
35854
52977
82868
96882
76501
98726
62565
54452
81034
80458
45092
13924
00944
22054
47646
48408
34338
11721
29313
45607
67645
82333
85067
94930
88048
62722
09029
31602
61100
04880
71952
53126
94532
45197
17130
77070
75983
57342
11714
56563
38259
32136
74040
71625
48717
10263
68959
69118
85286
53787
09594
20159
52711
63860
28769
06887
66256
57904
37933
37066
83184
37389
96706
55382
91219
34750
49904
46675
68703
58621
81318
79946
25719
36503
01787
41850
43712
70632
48611
88686
26637
95121
93896
26796
46514
82534
27874
28580
31544
78573
59861
07767
86961
10473
37748
95353
02251
70886
25853
38909
50619
54941
77195
61179
84203
36819
74542
99883
17716
87793
03016
34776
19670
96852
15116
28968
13485
24914
55067
21013
93945
10071
40008
05088
58102
31787
26416
15468
89557
65253
46787
87576
57439
22856
71966
11941
33940
30563
58460
35842
52759
31697
34253
65771
20181
67676
36017
42284
69204
73124
61026
56830
40005
69411
75702
24887
03220
68401
73611
87586
81612
27015
73305
58886
27060
84564
52552
91640
02171
30880
83535
10947
90121
24607
06500
77334
20281
23818
49443
68172
92448
70766
00687
96256
66102
05097
45867
22319
59309
76397
71226
18508
69429
28141
56337
76075
50646
15581
11747
17578
45624
62859
40057
95456
22909
39564
93370
82283
30126
78745
76112
21152
87587
32961
62089
43467
13838
30780
58745
07903
49575
29010
43016
69336
40698
10922
09273
14747
58903
23308
71385
72348
77730
95458
91919
82005
29798
39327
82072
06629
52523
48025
89996
32714
14866
91048
16850
84628
81671
69760
79384
16520
72884
21981
58483
06478
89960
59403
45027
87573
74337
65101
95035
06840
86904
75317
70128
00463
81784
58634
99088
33553
51521
85064
76159
63424
09573
28722
66843
36936
64815
14338
67146
04989
34106
83631
07447
50913
92204
99495
17284
65524
84380
08771
86329
84699
71283
55686
78896
76188
43224
66445
88778
03551
57102
43066
37045
68386
08001
77452
38959
34766
16212
85019
40317
58307
40945
11354
41847
57004
42996
62398
02918
26765
02604
86998
79876
11692
05425
05901
97668
53397
95355
95595
95316
55474
31049
19257
44381
73609
28294
42984
84606
27499
64769
83219
98080
09734
22365
98341
62248
78238
61307
15201
91408
15555
56848
24243
92190
92816
49201
68824
61921
49659
39122
93109
83446
72366
94943
40156
57681
68861
62823
73598
94604
97734
04539
00831
26365
98666
94538
30944
92049
67424
61261
98829
17593
24426
40493
16303
60305
90231
12308
46286
30797
17633
39989
82397
19972
94263
46166
05146
01869
14426
93964
28589
84715
96181
77880
06361
54610
49149
06801
68805
26598
70497
25811
26746
08694
60603
82557
93711
96515
21154
68089
42332
58363
23202
81571
49736
91969
34679
10923
59931
27609
24892
49851
82620
17629
92178
85152
47759
00291
96579
43284
73349
20059
74566
14959
38830
49044
85178
70101
31289
51196
07620
25819
36724
88150
76280
14237
73819
05039
69611
55837
06641
64541
15575
00810
54434
64842
95429
49912
92398
35069
44224
83277
86390
47545
86185
06058
43006
80715
05065
05207
47127
63116
18640
99562
03054
71593
26952
63520
76369
47500
00206
96913
83409
23049
26488
48865
33302
63665
83052
34775
19469
86422
40616
10897
94976
50612
73610
71651
22526
76509
13979
03267
26108
29961
42766
92047
88812
95826
91774
81187
22618
11240
55166
48544
61297
28161
88740
36990
17460
52065
81542
17384
29636
05895
71523
52397
21358
59490
65301
57952
18271
34142
88359
80082
28305
57819
08179
68228
67257
73946
88690
22479
31575
44557
55601
45577
37362
98538
87688
82899
57043
76592
46809
52110
89164
43947
32168
81244
58703
67577
71874
52697
35060
94146
22243
89975
35410
09686
64954
56100
29523
10758
54762
43773
02029
57821
84099
25430
93691
18111
76767
27018
89204
05519
39289
29465
39755
39930
97602
64552
72688
04505
46911
74389
52760
16624
00907
44907
93007
77513
59917
64782
64602
87734
66893
29766
14279
06618
94231
36704
68954
21197
32017
34287
92090
91381
66263
60236
06522
38974
70640
76417
48640
46279
55392
83282
95830
97429
40986
36041
64992
53537
87248
34859
47261
85739
44481
21700
32179
82068
00252
11350
31888
81212
86460
10712
79205
94740
25579
48356
33407
23386
47470
97664
40031
78421
83430
15494
30368
07163
08434
80057
77110
66316
02770
75405
89669
27506
90855
66728
91801
74516
81553
74662
07347
93012
69566
17509
89987
78726
49308
39805
95591
66369
73662
00935
44348
28891
73955
42699
23613
26714
73426
73189
36043
55858
92946
11382
75991
42702
74442
30555
81259
10068
70465
55194
30640
74786
46930
13865
19912
33030
53183
39030
16640
71235
87983
86655
42910
68183
59514
54631
82813
35286
08161
45339
50873
57387
11288
18747
40757
68491
81821
61958
93553
21081
82246
65212
91886
13044
62938
11478
14530
51067
47252
20860
65841
36176
87949
53627
53901
39477
97828
28169
64984
53516
51390
06293
50277
67635
16891
41974
09330
54542
84681
57979
80748
01823
14779
09102
99281
00623
44526
06878
83317
56748
03843
64166
30840
99052
36600
54464
90812
22833
06964
49872
88758
95419
69068
34027
92272
61563
48441
32040
08882
63527
27299
58478
11120
32345
97325
87956
59192
14727
39195
10504
95614
58724
85800
91943
32448
01635
72621
51443
95520
45296
51815
33353
86492
02860
10983
29827
59536
18384
70668
79828
94275
94389
72544
87496
23880
80900
81369
86903
41797
43305
57372
59411
74455
23327
70854
86052
79183
21130
15667
19472
04521
23868
69466
72399
85441
68647
47366
14844
39887
52462
45372
27150
12597
30959
08114
60201
26954
54071
39512
51228
05581
86850
81484
61137
77022
16427
54183
07341
61719
74435
02766
79435
68746
67868
95841
62285
95292
16352
84860
39630
24403
32422
44738
40268
70671
88669
40813
59775
90174
01220
40583
29839
27188
29251
65534
56775
35141
58875
95660
16690
75075
80982
07112
02902
42156
96316
99236
28951
78052
50038
13351
43347
09669
04045
70525
38420
21720
16010
68856
06852
64235
45586
75400
14892
52907
92210
84886
74169
17329
25778
47927
75015
88175
55035
89807
55913
98795
65709
52147
64165
06647
10723
22545
15697
67371
05135
16007
55193
47581
95745
53213
02931
75124
04952
12616
27337
72362
18912
42481
00881
48476
35302
91715
25441
37385
20500
06456
92651
59611
31188
80404
18520
71218
88673
76318
36935
58692
77075
53002
48487
82524
17318
55346
27503
85920
50993
00728
76529
97097
26595
39330
37806
50246
85257
96353
79502
30838
33316
72335
57331
56709
75347
58300
85812
78037
74342
15660
03185
60572
63758
95049
08629
17437
62170
31042
22347
23420
49684
88709
10407
26423
30460
65451
48207
57536
59323
42161
58438
57638
02183
47651
94369
08016
59169
92912
08370
84555
63499
53547
90394
14082
63643
14966
64360
24909
94309
94999
12737
46027
13820
66568
23229
58585
46200
02807
80985
69878
71260
50148
98638
41453
39403
29519
91909
79338
99496
04834
99309
73591
91770
88933
27488
77221
02200
18716
27735
28139
95953
48452
31494
54029
14384
86090
09898
08461
41833
60864
57883
43209
54718
76541
51980
56884
36134
34841
07394
97761
91533
92342
34566
15349
91977
81724
45697
29412
56014
11938
00002
51743
13393
08783
57317
38282
73922
22228
18812
07736
95831
66605
27440
56325
31034
58178
30746
88951
58312
56218
88104
99445
61640
21841
42572
71936
56216
53610
79734
56899
23437
94144
15004
95785
25014
74209
56989
09486
97847
59412
18201
20306
46076
94609
64731
40592
64894
58207
32462
47899
92442
19706
54407
70704
76603
57737
28992
33634
91921
12979
43861
01716
88862
29170
54196
01941
33311
63016
41125
58266
44262
22756
19696
46248
34443
38728
46008
28898
18900
00209
51380
97317
21912
50964
12288
10842
61452
46147
13794
55277
40452
19374
01189
50168
81147
73043
67762
57181
73342
09444
15957
41207
90427
19659
06315
62238
75581
28918
23606
92201
06179
10875
48308
20646
03760
97130
63882
07807
67924
28255
23483
84629
81327
89356
93107
53843
46335
64883
58971
00373
59924
19628
18448
09742
75199
47796
65947
49587
52074
04707
38169
38587
23579
69594
51505
29383
14635
98700
57060
27151
52124
38925
16327
66038
20076
91295
53519
34272
50020
68784
40836
97008
75583
45945
22454
44840
86562
69086
46854
81066
61621
45754
60228
51519
05340
81157
48535
78264
28271
17774
50065
16662
37528
73519
23144
48514
27639
59535
18194
83016
60722
21468
78330
42306
27685
84953
60188
74522
18059
44524
05309
08919
42115
58736
06311
51257
48916
34049
73142
27603
82538
74095
10293
70819
92486
25591
79022
45491
24040
12476
02327
38918
50370
87279
73494
02481
10008
00932
75892
44191
37158
14795
80355
29185
91169
89832
74721
86842
15335
82100
51061
12182
51952
41297
66352
30113
47069
02170
43206
68529
58619
89162
15919
79643
74901
98015
06039
73097
17734
07302
12519
41166
39293
96694
63703
74583
85816
81831
42601
58737
52703
13514
26142
09978
43963
74244
34988
48472
18607
04086
36713
29528
59755
85082
27895
13960
74999
18493
59656
79498
65764
16362
63609
02147
84252
30500
88320
82067
23036
37532
45625
14002
33814
19977
26080
14402
78732
94061
69868
70945
43886
34539
74224
72256
45089
34346
41620
99229
85877
68628
94355
64684
67613
60846
86976
61395
69551
76916
15324
68348
22901
44847
14351
69985
85347
05679
62611
07023
16358
42717
83391
89115
74368
83699
73791
00004
82716
58089
19207
80171
40411
72246
90321
01495
75350
34504
12299
18203
93057
90357
04621
53929
54751
85762
37075
24872
08421
77439
36437
21235
94330
33467
42950
47827
33177
77643
70397
50202
82981
51350
09295
98543
17244
11736
45540
95255
00677
11150
52781
71855
86661
74880
09867
10603
53115
63884
68034
32176
79106
64275
18873
23053
79989
68885
44281
79985
69937
35674
18045
96102
36352
98599
30800
52176
32134
84657
33704
16026
20594
94268
25642
62727
07711
67399
12787
46486
75546
94433
02454
84776
18991
00768
99552
81709
94844
99580
22259
06374
08464
08586
57412
80929
42285
88080
73184
53045
18922
34236
71204
72768
06337
11267
43514
99242
20146
69510
74107
35982
30199
14816
27050
51888
20186
10667
89877
72897
73241
99276
79646
52164
06561
27129
15086
11715
63976
28144
74173
90339
08514
12875
09279
29395
34991
37076
26252
75658
89634
21618
05836
15199
19798
95715
00471
93245
90926
04088
31386
06749
96585
19838
21901
52721
88794
61092
60263
63807
84029
97193
13181
63809
61766
18216
04225
89207
42171
05808
49800
28781
59533
75536
09303
99379
24438
36671
07139
28213
40643
66941
82766
35078
41998
75463
20153
64143
61834
38285
45879
18309
69195
47343
81736
61908
11186
20522
34042
78403
77052
36037
06136
91494
50671
51146
89882
30938
61133
69849
02972
04142
37601
69645
38134
82148
22849
19539
82090
61870
10406
52768
94085
53580
78170
66816
75028
08535
46284
05131
20877
01972
26540
79402
72307
08065
11684
55824
50410
64455
00198
99727
52962
87696
36260
14749
61832
85059
93802
54128
13370
32786
60963
86491
84930
41704
33946
11157
23264
54709
90576
66131
28111
15159
55097
46862
61727
41991
01921
25721
27916
76386
13551
68453
92926
30404
94113
41873
60933
48247
82660
03376
73976
05543
35578
03929
50774
99370
06914
26109
47925
29293
37126
56069
68833
23559
85197
53979
41753
20627
08619
56894
51016
39548
91997
51577
75450
65794
43805
13449
58401
18663
84181
20509
97827
64354
26341
58528
14935
98288
19927
08147
24825
92003
77973
07841
53621
10886
04341
24066
22208
39505
06313
85621
93166
45623
65457
59289
46503
41538
86053
35729
42142
29592
47037
65444
57089
35579
15822
56410
60135
69386
67167
35425
91629
81519
73010
44449
94153
83783
21651
77721
62139
60574
31934
34984
83392
27453
10919
86713
16572
42212
66266
21666
79485
61205
71011
72575
83013
62657
88235
61478
43530
38031
83917
05188
58305
08969
11579
60326
57931
58750
83029
36594
14661
73665
88390
81437
09006
56025
60451
68988
87933
29033
91673
11926
41144
01749
07155
63605
92998
47375
65810
17543
01980
80132
16123
92851
78499
46582
28117
37634
15752
30034
52390
25449
26312
84896
66871
29773
44857
03865
53347
64986
68273
50296
10905
29705
00453
72515
15361
29334
97113
09930
75870
01592
86087
81645
35324
67542
74669
83039
69582
07058
62442
51120
82772
59167
05483
32800
27176
84713
39343
31583
47016
18120
06296
92574
38244
40848
04604
92942
99545
44209
68159
98611
26581
82703
26837
34072
23321
23632
65558
81373
25387
20916
88687
63514
81564
26627
77285
58298
80088
11006
57003
15151
79230
65820
49162
72682
49265
76170
71650
38082
66364
30907
30776
71295
49964
72603
80072
30761
51814
26696
74858
61750
18549
11047
32543
44249
17904
92639
67385
11228
75391
53189
69220
26281
53977
73226
24472
65476
76599
84728
40816
09391
83363
26467
96061
68516
93488
47615
06894
09311
30205
62741
96258
23608
88726
36456
84397
26320
20514
34324
90166
24292
06243
26915
06668
06229
23494
19133
91820
11088
63935
56082
30367
78583
63449
95810
76431
10795
37343
15973
98697
44343
65194
71216
42948
01550
16153
79021
65573
83563
75091
34901
69792
50615
11754
18625
80079
18857
83491
65189
77546
95579
44519
26531
60011
50553
71636
52141
66055
12119
72473
22193
51215
34942
51372
16105
79151
69608
95610
08493
79235
87732
04461
49459
35875
67059
10223
28641
00922
86494
04483
26965
61631
62739
92092
42890
16403
39791
43462
47334
48762
21435
22632
64448
93868
53460
49474
18034
02004
13219
07412
26845
74545
12304
47567
83072
13655
69234
25581
44634
01425
95266
60649
67556
35353
24862
53403
44589
77620
16909
07747
48080
87919
82730
52281
25910
71169
34046
87842
22029
51069
49601
64408
43512
32034
34972
28237
79638
79913
92333
90431
18534
70113
10899
62234
57554
69358
91737
97749
01963
93960
63403
20221
16415
77744
74833
84425
03846
59534
64969
28091
34213
00553
22334
05352
15213
58177
67573
38852
13320
54167
66023
13753
60990
19159
13175
90632
54184
65471
18959
25004
99759
81041
38675
85695
98509
21086
14858
68283
90740
70340
63728
54223
33730
07775
34266
03314
70623
96370
89434
37594
54852
08775
46793
28314
11452
78917
48008
97341
69500
44170
15778
22696
75477
04407
49312
26387
76447
25015
64940
12516
87535
63293
48987
06655
18510
77857
77118
61536
52844
50579
87000
86795
33422
78870
85352
25028
01947
23024
07437
30588
23635
27601
91192
40823
91004
40689
25844
19088
29744
97845
07457
38163
69120
71051
74864
77965
80818
05541
63881
91204
53650
59070
16011
34460
75923
87129
02678
91565
03637
49480
03960
12341
21167
91134
91183
30356
46750
72297
19455
45240
68163
01343
14468
10913
75928
03370
13996
29045
19598
08984
26772
27446
03778
16399
43547
56043
56983
81863
48561
29751
96467
40996
53997
65093
93255
93251
41129
01559
51093
43998
76997
57766
97779
60795
11998
04408
49158
78165
68333
52880
33363
76617
58754
14506
03984
75009
24188
75038
64726
29693
89865
88404
16057
80910
57891
31228
26580
34060
51373
55820
32013
83263
01894
82458
47387
40663
97920
52305
06875
24392
30289
97363
58185
28311
41091
42841
62746
19825
58690
03541
62311
63573
67184
64383
96079
61153
00199
57363
72068
65739
78806
19810
27077
31688
02155
27406
46198
41204
64443
73109
39272
55945
37706
19062
36407
95556
42811
16814
13507
29801
16808
71659
02911
44328
22040
89444
77231
21938
11887
40271
18351
74775
34054
94424
56740
14912
98999
45148
60044
67851
28264
06345
16976
71327
14419
07334
50524
27253
60043
11113
90626
44031
97533
52186
80151
19047
84050
05752
43844
57389
55071
24839
89053
84435
02269
96573
19631
90688
00225
62593
73630
28756
54608
07091
22905
91450
53774
43288
02612
65334
10566
68573
84403
55709
24257
64746
06148
58561
87972
92145
72739
36945
15950
98720
39105
48002
39155
06493
19655
57448
88177
04336
26534
40967
00186
15962
30411
95151
50134
40149
28662
26817
21258
98607
91967
54692
20279
27039
88077
58200
07867
04855
30920
61665
99075
56951
31877
64004
00229
71597
73553
45638
61385
63246
89465
79888
20171
56219
01086
50520
50085
14865
75531
73827
58389
76504
31346
77943
63562
61289
10549
98264
93324
47911
98469
70205
49218
25834
42541
08256
63096
49273
23056
69144
53715
81674
10841
62543
75052
30424
21184
86501
12863
16420
40053
22196
99844
70024
73704
01356
46410
14888
76297
09378
33223
82734
05796
54118
82976
85992
25448
95528
93405
55043
59208
38437
27953
72277
51507
44939
84055
00191
55782
15900
13883
59227
33524
40154
37324
07054
44914
51004
81223
04012
76700
96875
41526
30698
41980
57878
08738
23035
35261
55973
20003
78216
05733
60186
65545
12046
34854
91252
25029
90338
88958
69799
11776
23867
26884
54096
31754
50994
58792
65409
90438
30020
48217
18006
22614
73194
78704
26067
96035
43008
63751
82555
22720
33024
70987
93188
22424
94160
07458
03348
75764
24698
55899
76801
58323
22858
21044
25999
91178
33570
70095
03783
01295
26668
59981
48907
35692
27742
70759
90378
02468
17181
20512
22980
42688
13158
79147
85105
00773
27943
35181
80547
98295
64387
65831
20383
89019
64879
07970
57374
63859
22929
73168
47547
10162
46188
48434
30573
56371
69266
83647
59672
77555
79959
50219
43573
90649
57488
52670
31782
34255
08707
14273
33099
51078
05628
16911
35653
97795
67681
22398
86156
02836
48291
83438
72101
28752
35490
99148
65595
64341
61964
54389
48482
41175
72219
48098
21904
15166
88864
52493
93820
34522
74909
12425
64675
11222
96449
58005
74949
29831
95949
46173
70457
21681
45601
76496
19015
85921
87606
45679
13275
29721
32750
22672
10614
12571
25159
91303
05108
46178
13887
41237
67925
83096
72582
35616
64151
78280
06028
34478
74049
91221
85893
29992
61646
10126
43366
25537
59258
81947
57356
15938
34564
64287
46701
24928
35451
98884
80066
47799
66496
75310
25615
56867
87128
77695
83536
63923
71851
73383
81700
33974
83299
75696
23512
75680
74388
11756
31344
23180
95784
04046
00721
48855
66105
88262
61390
37381
57667
61678
78567
26813
95954
35110
83075
73564
62023
59242
82186
09489
87075
62134
90183
51666
94137
27890
39245
56882
84299
34408
28633
70169
67909
67453
13015
28443
56248
10423
97030
71738
94884
89881
78376
98717
81350
40751
23473
92446
16627
16370
33794
79242
33973
31356
41007
18162