39593
77099
45576
14115
23627
58408
71842
45573
49330
58044
88439
88618
18588
29443
42553
60018
28379
77160
11853
30078
95314
26108
34464
14110
96463
21253
46329
51497
77130
67196
51537
68543
24230
33624
20907
21136
17605
42519
22585
46206
44721
96662
37157
36577
56694
51859
37414
54862
26421
37026
55450
95054
10386
22159
90504
77559
76322
87444
96365
83539
91380
50443
48296
94062
27335
67624
59221
54366
94383
10965
97691
25607
80262
72759
42275
67672
28367
92353
14413
87027
90748
28313
47802
99942
37178
19672
44331
46549
32367
43405
68276
33972
51369
84046
16263
15966
91941
47562
42317
86579
33454
51496
81403
79461
89107
79538
25819
16133
14191
50281
30013
21730
96085
12262
55103
97260
27448
91509
69507
44135
89596
92174
12535
93635
41660
81384
80032
60758
66250
74141
41793
12314
34323
83162
55213
53051
64070
76565
55173
27431
77786
48987
25818
53924
35799
14452
96080
16876
44373
98760
67505
86025
86276
25116
23143
16250
86214
38589
57369
29822
29244
74549
25991
86832
56615
44301
62688
44337
90056
18131
77433
49063
60191
45283
61122
97868
35537
53139
55633
59193
11093
12442
72057
70318
78382
38931
16807
68045
25716
30396
80151
73788
61774
35698
13418
86883
46807
63591
29689
30522
68025
38361
38052
20717
60194
44919
26183
84528
21243
78391
71534
57212
12539
91238
78957
36473
49265
58812
71835
64732
81312
29457
81501
11627
26470
26776
95875
87872
25954
39256
70047
24379
40265
67619
63031
65691
57482
61722
39458
84869
55558
66684
65998
46668
64588
38857
83049
65105
19338
90616
61393
41846
51693
66899
44148
98240
77690
47161
50670
50902
22521
61986
48862
86123
91187
35591
50184
66011
45595
51417
52972
83429
93057
16823
54992
78646
66727
65104
85492
12823
19849
38227
89314
34238
62893
72096
19468
75340
97091
37501
31138
19485
21883
75119
19009
27894
99769
58136
57635
94182
68537
70665
64688
19371
20248
21593
36169
30038
47471
86952
15872
80097
59289
58144
59269
52668
54596
96888
76423
77584
10117
91020
19017
96715
33111
42916
52146
59341
31614
23588
18583
42247
83122
97625
44236
88356
20999
55733
48697
14648
15566
58296
83626
66186
59061
79930
65596
11945
66727
98199
46221
18033
79058
61863
27495
43801
19527
94841
92795
14743
11723
67933
12623
59615
95730
64378
41755
92884
77916
16916
20723
51895
18875
77497
67974
74977
21444
26935
70678
37139
30728
74290
81774
31498
72602
12110
13462
94282
60498
23442
85042
94683
83433
79925
11322
52965
72042
69790
93508
13164
10520
10567
59681
21498
37686
43907
53897
93091
62222
98764
22462
35319
41171
60856
24459
13424
79546
21493
17382
18762
44118
73447
61873
52446
54084
52607
87117
25240
70429
94125
94646
85659
27656
67100
56534
91936
20130
46782
48745
25104
64832
95345
95771
19974
50327
47584
88921
49604
74472
62875
25260
77254
50647
13798
38028
89684
86474
31735
79146
17298
46901
29721
84409
60768
70438
58671
29859
24477
63695
86904
29517
91013
40946
88124
46520
86966
10085
46072
97358
95499
92939
98008
83171
12158
59785
87696
47882
61408
62541
88246
48201
97227
59743
25424
91522
18150
62837
11224
49221
97269
23316
86728
34144
48449
84925
38614
19306
88399
51554
85478
80793
32167
84036
13825
72754
36759
88868
93407
63195
91834
97049
83160
26104
50363
78099
77157
14254
42342
57793
15581
63381
81015
79048
86945
10955
82354
29351
79165
73489
28417
72999
33468
94217
29136
83537
64440
36806
56440
94486
18541
85436
18736
19185
76108
88775
86032
64205
80140
84174
49845
18373
92846
94613
64853
11532
79892
54185
53935
70083
38194
90190
14690
14363
59804
41932
93599
21257
58554
83435
66537
77210
75094
27371
87533
61204
97221
17012
15941
64165
79928
26131
46478
23470
12572
39508
81986
87978
23388
12616
30689
43901
18165
89320
50739
98837
87104
97138
17611
15358
57541
74134
90125
83164
11295
18699
41853
28911
13872
21801
73637
28913
94360
85545
86517
85189
58026
35646
39981
36439
47107
87413
88317
89309
29407
71274
79955
52799
64213
96972
39013
93434
31168
66750
63876
87063
88870
64301
80413
41619
70312
45867
81524
45396
62034
11377
58633
74625
68871
22899
39452
13422
91720
14176
37642
82485
59683
58918
55962
34375
79727
93562
16402
46740
48824
71448
37732
34754
43358
14926
42265
50963
91952
82525
19919
70186
69476
51734
85889
21143
98979
71215
71196
50459
95644
33476
22461
58640
96705
34423
68047
10246
39802
90028
77782
27811
95417
57034
89887
63456
41290
43440
15511
26787
38414
65781
47778
39683
57034
30683
79453
30886
99153
22565
39326
38912
57236
26961
67451
42028
37898
19858
55960
29659
66483
70530
84454
39555
39082
46658
42701
99103
84485
76583
26410
47954
84972
66071
55480
33542
15243
58706
86815
32302
16336
82131
91147
70603
62268
82495
17153
99105
96484
71539
45856
83084
45106
80088
65027
68145
85937
77008
19521
29119
49946
81841
51967
18509
30926
98317
33772
29688
96758
39195
45203
59732
59260
20942
72695
52139
93903
34534
73965
34229
90644
63510
89100
79284
56232
16016
19669
59340
43015
83725
58065
69975
71111
67236
11127
32385
62546
67700
90803
18085
73726
94016
97956
59607
53863
33108
59589
12668
48786
24495
90684
22483
99540
44458
41350
21371
20416
87390
10799
84311
79533
35392
22127
73304
79343
14252
20634
68779
20780
71500
10587
23841
99001
94323
55904
86548
53656
29998
48267
80834
48835
33043
75647
99704
68105
50066
87733
22721
56096
75935
67766
70292
85704
21066
61421
58519
95536
60616
71559
30831
82265
51160
29450
41932
71560
73705
53382
33819
74838
55420
59087
37586
87518
96879
73917
88465
63185
16619
16857
60457
80197
57713
46029
38176
69932
98594
37014
56811
86738
89889
30613
53162
70376
59011
74461
37042
93430
51824
40101
46033
97815
29577
55124
31614
57129
32093
15073
30381
83440
14514
81433
10704
86361
61312
82349
14999
36821
72329
39457
61837
16138
95392
21368
37386
51789
77388
29214
55305
86555
20127
68326
72141
31200
45520
27356
20046
57441
59163
16969
54112
17946
53558
60815
57142
42500
51948
36278
39824
26736
15299
98518
32086
11434
56630
57527
19332
43351
12343
20517
94870
28739
12495
54224
87304
80998
82153
18909
13013
86369
58092
16722
99897
80397
85889
77037
36747
47277
29849
18201
83664
10773
57174
64018
19908
69772
64068
76710
63106
56194
81417
46541
86975
59192
41739
94748
90007
41544
64514
11722
13505
82900
11871
73731
29233
73307
67836
66767
74267
64410
72542
75581
65869
49602
16516
67671
10628
41620
86951
23931
55028
56742
80179
40322
67074
18576
18883
63354
47670
11207
29335
16394
44854
44878
81966
64537
88120
78241
96470
23018
45439
60884
15110
43915
36827
80330
91993
99771
44552
71639
40502
29603
33426
45706
56332
21335
24432
70410
20303
84313
95516
27658
50702
85614
11918
62583
30434
11823
21221
36590
52204
93011
15962
48719
83888
17518
20092
65097
11677
67400
36335
45602
12946
41176
66204
71495
95515
96766
27500
67328
56719
48049
64795
12570
23313
26252
28382
74380
94498
14877
11472
45616
29947
20602
32403
71871
58092
30544
24687
64888
91513
35789
67862
91091
11998
52092
71875
41108
72043
44720
12278
12271
92248
53437
46193
62572
15075
57643
31348
59052
68315
39372
35418
34266
87044
82300
57655
14262
21891
65608
39505
26608
31789
54772
84644
50912
15809
69226
51440
24347
51212
27693
15719
96798
24255
31678
61971
92599
22297
99553
77041
77849
28258
59370
12152
43307
82595
68443
47689
18574
48496
72278
44949
81318
97479
34401
12168
61379
39312
99662
45323
17330
40550
67782
75735
59630
75539
39274
17050
95585
81731
69016
94730
37913
58209
85720
59048
73467
92664
39010
83646
24449
72617
40263
42539
43001
85827
73359
99141
85370
97295
89193
92206
60646
40111
32246
92090
43738
58094
72820
57027
66113
47757
30699
21845
54390
65874
61320
88175
65794
31974
23500
24370
90292
42851
25447
86036
55377
69490
21887
19395
66251
46474
22499
87939
61008
55565
64261
69473
38417
93660
43055
25829
79528
32872
46071
46229
14356
60360
44263
63579
38092
90733
30358
23850
95848
55396
75774
52228
73101
80077
55686
70103
78925
10285
15548
93538
29883
23451
17322
13633
74309
42377
97409
57314
90385
18595
43462
48952
76653
49007
67433
13941
87910
30994
83086
42590
63092
61808
34510
21973
68983
64393
15873
68497
21622
39190
41291
45878
39806
59632
57257
19764
15391
45833
44934
55328
44032
73168
13373
82710
22423
54719
38166
80190
53982
69215
77510
51312
63891
30391
68710
17201
72603
74927
33114
80616
94988
88375
41127
96520
39247
35901
21805
16954
74165
43874
79326
80414
56680
17128
60892
36270
85337
77280
94635
17553
55293
98257
32536
62279
94484
85395
53823
94883
37736
54489
12252
64782
41455
86100
23308
86641
33008
43497
82719
47984
39772
60135
19102
57794
65304
42973
74225
99107
70625
26355
95422
48783
92859
39938
55214
94700
67297
89949
83456
70533
68298
67584
41614
29288
79929
70648
99939
18968
85974
59138
88872
67484
85414
76889
13882
68261
26308
44580
15997
95754
61444
56231
79587
43091
12911
36791
36039
15004
94520
41654
81613
57871
89233
48775
67042
63438
59902
33655
77550
46905
94690
94747
99046
56762
23916
22876
34160
62374
24972
16992
51689
16587
44698
90692
47185
69324
42188
54217
65762
35358
15488
59296
12771
98284
24843
11551
31076
76757
35313
52658
79018
60544
24889
38168
89497
77466
87847
65183
52646
10616
13060
25500
70146
70407
82449
99296
92474
73085
72742
86299
89476
78105
22972
90660
73130
97365
24072
78267
51517
74154
70105
69406
70072
60909
19047
58191
59188
80371
68674
80859
50466
15736
77399
29540
71945
84603
51344
42225
78507
30977
10966
20335
56959
94374
81384
22301
59672
34940
28377
14635
62556
80838
65549
43656
83352
40353
73336
41448
99648
46111
22744
18582
85282
56724
19568
21665
37444
61160
54076
96502
57444
42703
60387
83642
62439
96880
56273
57675
77785
89031
34129
99748
21914
87417
72183
17195
88042
90331
17647
51050
55322
82061
21858
61105
65527
25105
47416
64687
49262
71183
16540
41847
76622
48634
69613
73473
85596
56638
91367
35244
15487
60210
36554
34207
89776
98391
11470
89092
41780
65178
78252
77658
50396
83741
56441
27238
76012
14218
81901
75114
93720
48621
97323
48225
40066
51420
60926
12910
68569
84338
67931
85370
12269
78675
80903
48530
80012
92481
23223
30395
92478
11417
64465
31269
70226
59401
72963
34150
84704
50462
32570
40393
99081
67507
44709
60480
59155
41025
26216
90145
12055
49142
84657
35977
85179
70476
83439
25321
12330
86124
79652
33454
66325
17767
67783
86596
25696
18555
45693
46936
78532
49688
60575
50225
27564
32892
69939
48514
24129
88171
61257
11416
95564
78597
79472
83589
69223
71010
51780
60402
74959
98555
99596
28699
34888
50177
64478
24910
92735
68638
93199
78235
28324
10708
76858
37374
57316
40199
48235
50553
27206
84017
93576
24664
30653
29601
77330
19468
27430
27612
91663
87085
67821
28220
23376
32379
61226
62059
90782
28491
59742
25256
44397
89002
43864
77327
92885
96846
83965
59556
47384
88382
46629
56260
30842
82174
70376
14080
21304
33697
22492
43345
98935
30948
61759
15567
54322
83636
66603
48022
10040
34129
27057
95728
40357
73831
51358
77330
67463
76568
31967
93853
67731
61365
63898
55023
92458
40088
31704
34800
34692
60714
40333
82587
51898
71758
32499
65597
51285
61080
30017
99304
98829
23299
23937
46041
99618
44650
71681
55333
25839
22514
49031
13107
18215
33624
98124
27058
94069
18086
24517
93828
75044
88499
92453
58122
54573
60939
42640
30632
81486
64919
95801
82732
69383
25652
28343
18292
90524
93974
97460
82679
99293
75262
62008
20731
96114
29035
49967
60044
42995
11647
19610
22814
16000
68811
21805
51545
30293
24626
93091
60787
99571
58533
40026
28981
81782
44436
74376
71165
39003
44662
27044
10068
50101
88979
95784
17967
32457
85559
72169
92134
92945
75104
26247
32691
41174
73721
35086
33136
74860
79639
88139
80661
77514
31896
71124
42968
18318
26221
74824
79284
37221
48759
72079
22054
27401
64516
27959
19676
87058
36480
59900
28143
41094
69359
88695
92809
62464
44351
15489
33775
15291
96588
14417
62532
85584
21711
34015
34669
10708
83812
20135
16615
96634
98603
31678
42713
22250
28886
86326
84484
34534
12777
50380
68801
34002
76868
40999
26274
47474
38665
35570
89266
23812
94886
25650
37353
52928
92583
33100
98113
76765
22382
44258
35301
99833
55883
47980
66214
91851
54343
25143
65296
94768
56917
43045
38235
72651
52155
86700
27915
47275
76327
35557
20033
27029
26860
75300
96610
25649
85799
30496
73122
25826
64098
21044
29059
47273
56083
99603
25945
28756
27359
74248
13823
12027
87875
59508
53211
37700
67818
27893
55314
20780
27042
80070
13427
14120
98513
47931
76818
86421
33796
73909
40323
51948
39370
41669
27744
15566
39457
86518
69793
63898
64577
41010
36893
78188
52307
13641
71315
14645
86350
66456
11401
14354
91473
41211
67709
54834
78632
79788
98855
58973
57348
97524
63995
78868
89146
24181
89537
14820
94087
71889
46056
66332
80080
30905
64788
20602
33589
56771
41019
38270
56384
81458
38593
14195
12748
87200
54712
25204
93616
76896
64491
63029
31850
71200
93142
44499
77450
64471
17729
24278
78140
15619
35475
49955
95838
64070
16949
25761
54552
50736
91285
94561
51712
49074
22476
28640
60698
54142
83214
53962
89380
67201
65543
42153
29047
36051
51226
18457
11976
48692
10403
96999
42995
57721
37653
90950
31271
76722
71586
38555
49777
84461
82005
13147
23774
75906
20637
37555
90864
34196
46879
11332
16433
14083
89233
52094
28143
31121
84495
75758
95070
15944
81207
53365
60606
32998
38976
10186
84932
60575
89989
56836
78089
72429
47543
10412
76152
51032
43226
62388
85620
49661
71171
61152
93921
91106
59941
16889
15833
75651
65775
41026
58171
91264
43317
19867
94197
44373
59781
94873
72825
49127
67685
25593
18128
81321
25312
27527
78941
18650
32712
60623
24140
33619
63171
72960
66167
91707
76110
49897
45004
29087
80469
77179
62415
19625
28678
54526
51648
72976
28778
46057
41534
74931
66746
80350
49539
44318
60089
55052
18524
37287
85690
22544
17581
16758
56376
88902
94097
31243
28224
99279
27855
63613
45726
18653
57808
52240
33158
50365
72129
42389
80867
42869
72051
50789
45570
11115
58220
40254
91639
56394
94135
50322
20122
65961
60605
81850
24370
60532
77379
85714
79263
54270
22170
54082
56174
93970
59667
91194
32923
38908
42414
63395
79385
42634
81346
52781
87590
20254
73295
21174
41146
55948
77243
77128
53534
27506
32712
13038
14520
13570
98079
51041
41606
72540
42353
64574
61321
51829
79389
26673
29668
27139
48585
87398
74017
15240
24492
20626
84055
11327
61703
66984
60840
22499
26132
96595
95889
33424
96270
76119
25023
94965
95693
11364
76858
52041
88903
25842
53636
47309
10576
81086
95465
96962
53927
45969
86874
23296
81826
43711
43472
43486
14577
47277
29581
45380
62274
91650
40058
15533
39744
76615
85202
11666
40086
47559
54234
94691
75234
92255
78086
37652
43141
74915
70434
78704
68476
27183
72901
64997
40804
45180
67250
53370
43886
86645
37352
90510
43080
49298
58794
87210
95036
64793
73976
62051
63339
38910
58669
25534
67943
71552
97460
58022
17793
42683
44039
61047
14172
62877
69957
61106
78868
79653
70141
78835
38646
78270
74982
28549
91517
27655
31356
56106
44570
90588
30237
22745
83048
98166
32062
95594
23789
11079
26404
22903
23859
55458
26229
56222
85596
75401
28677
87954
22646
98831
95005
54672
48015
40580
99688
76789
99481
83513
69184
57711
67107
47795
86457
33181
22361
41768
67944
17999
96581
85503
93009
58405
73229
78907
77340
59475
79101
52942
58108
21360
51702
58129
68299
77547
45853
56565
59740
61966
10708
43780
52878
62561
91511
87072
37746
44296
81943
68479
88307
46903
41296
60660
51794
34486
17459
23641
63502
33422
11667
99769
29849
43745
79120
55675
39213
36545
39710
33644
65052
49518
23888
39576
84738
69555
10578
64283
42820
82954
26646
94717
36533
66521
76493
93114
27614
37527
26946
40488
92318
15393
22973
82303
12329
29918
86722
81270
10086
61226
14368
92805
58705
67423
16485
60823
50896
64574
60538
86208
69014
50994
39536
29342
61863
93999
48003
76944
38229
26373
58968
25609
28037
91271
60736
16093
92528
54355
94107
20940
12448
35938
99893
14986
68364
79958
41818
26984
69694
78991
22585
45350
73670
47418
56293
46284
72005
16769
87252
46009
95407
66633
50971
25575
56310
30989
22889
39074
24853
68072
99238
81444
76212
49126
45393
63745
76101
95616
19031
32715
44512
32218
38393
71161
44760
95478
95287
43510
75986
17025
62923
31063
97678
72234
83716
36892
80816
48161
14623
28686
90187
75026
18831
93189
72363
95834
52600
30649
52171
44547
74258
25853
17655
66147
49778
70929
81617
80557
25947
92816
94560
86295
35591
87446
34214
21321
82448
60402
99976
76356
25162
37848
79774
40473
48540
74166
30542
29108
20233
72117
78124
10479
43532
31501
32189
47165
17868
57600
91521
67546
61427
72139
37551
26853
93193
13544
90517
28905
33189
11267
34944
67718
27584
18856
74118
19705
61471
35023
77942
62124
91675
25511
96071
52234
21562
35153
33858
24596
49900
73549
72249
69708
76723
16846
32734
67702
58225
98569
62673
69046
60499
11013
70665
83282
60210
66138
51826
79142
81803
87852
85614
58473
88558
17438
69283
89570
83816
51741
26946
58241
63727
27470
31816
14170
67252
16490
56421
19365
33248
47016
44458
16431
95078
51108
48336
83997
51883
19453
34750
96791
72146
67003
52953
16386
12017
89694
42822
16220
18008
89568
15313
18656
89348
70935
34278
64058
45955
91127
31959
63273
39218
15941
94592
48263
18025
78558
92702
14471
67252
53626
70797
20186
90517
55779
82970
22162
91052
18129
81520
67370
28706
18539
78847
52084
86316
27263
86174
52332
87837
81441
47881
51306
93876
18329
57423
32434
14579
97214
79916
79191
17674
42502
98053
10510
70114
83041
92145
26875
78601
95628
75446
24134
38081
38149
97388
42877
14756
85708
25186
29230
75477
74290
23052
30235
59429
52087
40740
16217
62879
58333
51978
69595
99935
58176
88331
38585
46254
66198
59127
70050
79271
63076
64887
59116
40105
34197
70700
87926
32218
56432
98148
28572
92560
21132
26405
84830
83051
99904
49541
70341
93379
97348
62593
41880
25333
24526
67232
91895
63967
44172
26456
14215
61309
87815
25263
49867
25532
76121
68802
45204
10159
94177
18362
93207
44365
22635
66157
20127
63515
55229
97254
76921
63136
52888
63543
69810
59465
85408
84403
20121
51122
16787
41601
26691
32368
48425
74508
28940
41009
60312
87212
62511
61821
89169
31388
53492
70992
98799
47095
84128
94510
24696
65757
76037
55759
41995
19493
16124
28716
99653
25074
66894
79605
64485
99680
65225
89397
15424
72623
56198
68691
35364
70129
35634
64244
73120
98251
90896
62147
13325
56176
98438
25930
46974
11985
75728
50260
81844
18739
67337
99170
59787
43051
39004
56596
96488
71815
25521
44095
38800
83082
79911
98725
75988
53445
31882
45820
76051
57327
18145
26646
47676
84069
86824
90934
84088
55270
85395
92751
18029
38388
19801
62674
36834
11434
14000
69312
62025
58931
78725
79014
80650
12861
52473
88321
40005
59201
87565
43952
51552
38360
88108
19520
83728
43328
32112
98469
66496
80736
10263
80079
84453
27169
75481
22574
28315
31709
57327
49748
55187
18154
99400
97436
68547
38433
20633
67984
56060
33179
39652
21897
97024
74247
16316
55435
76856
18763
35529
20649
71505
29968
70937
52020
75253
13101
91640
50424
26160
30122
57952
38073
12111
27416
61585
46690
53793
74683
11628
91291
81557
49111
91781
63041
45588
95000
81261
81884
32332
27149
72862
91160
21246
97082
43921
37428
31365
75175
72867
39982
68992
12395
40633
69920
61176
35201
79433
95145
43861
54852
92759
87681
59879
34465
20843
60971
21421
94610
40840
44985
24417
64786
59984
65150
73932
62326
94049
24149
66151
75187
55453
12252
68234
11015
95480
76369
66938
96748
65835
10620
35791
60938
49554
55525
17249
90747
46043
43960
92510
22887
65685
19482
67760
96303
61895
56889
65991
95546
79601
41740
81339
35878
47589
34988
12647
15364
51820
10719
28406
35948
50804
33491
11000
75535
34426
32469
49947
86688
47381
76438
72091
44724
22549
43677
94017
57497
69470
27357
36482
78498
31603
56184
50837
74198
99677
11810
46494
24134
27890
31088
65525
75785
97090
93444
95792
88081
21894
88840
35085
73323
26551
29071
44808
46211
15016
48303
66447
95924
85836
52006
12572
33058
50849
72579
36819
66382
57280
13197
49402
46734
42076
14473
11018
31933
30150
55353
21716
28216
23224
25300
26776
85436
82052
23871
30822
74301
84665
50185
14648
30147
47589
98041
45113
72584
13107
35479
70426
31701
84820
75464
63384
29658
62754
11685
34674
24082
86009
77738
67596
21143
71398
27691
28449
19231
53255
44952
61884
80614
46436
48928
73067
80949
25592
59509
48992
84454
55044
14754
22643
51640
47296
77544
83054
71891
78803
69090
99916
23974
45792
48719
22961
74617
71769
52092
66407
22664
45385
32468
70116
83257
15340
45984
16875
89885
21940
28068
27616
60426
81815
71239
17375
73358
99680
87206
94388
96839
16536
95944
76862
49386
13194
64528
56928
20274
87721
20819
85910
30110
20707
86252
60264
84390
41719
97984
31465
52572
62643
73871
46228
27136
80621
77028
88884
33847
86312
28468
63361
17638
40818
73208
41921
27414
45994
29471
33807
51506
72030
62162
32523
85372
90367
82496
23313
75203
52132
89388
55356
48095
35260
64374
65418
79746
16749
22347
38487
13084
58234
74682
56628
88303
13286
67867
27940
17440
88148
54415
80788
86369
44927
52205
36499
30031
24449
85733
78132
66986
84799
73726
17132
48730
75845
12071
74248
12164
62454
76102
48129
45960
53061
80417
60785
34915
79458
69879
95707
77003
20476
46837
46098
10747
11389
46003
38829
77710
84971
34982
98517
67617
78088
58649
73893
48301
33870
93046
51242
46988
95875
36914
29498
59732
83474
13033
22058
11908
89505
23452
30787
67269
11627
74936
45694
97081
60653
52284
54192
21921
83381
56684
44590
68704
83809
90369
79738
81662
32391
28480
68448
46932
66717
33758
58742
94483
52087
25838
92637
87770
71153
27372
43739
69616
76797
57220
92624
94499
54135
84837
53070
85219
52525
32567
32944
60308
96027
21401
33436
35390
48246
59310
59936
81528
15929
25652
14780
12658
53006
87061
83307
25532
52109
68218
29284
37782
13402
61622
23608
72146
84891
47596
69140
62202
34215
56360
26326
33279
19536
31481
13022
80881
38269
74814
98947
92987
22153
53431
28164
58497
94170
88800
42577
23961
28848
55247
27252
32414
47235
14958
37980
20475
96703
62647
62167
36369
26453
22468
81767
16427
21807
30059
66138
44391
75813
12469
63160
38902
11314
33130
37669
45885
92808
70731
81687
31618
34608
52788
82475
63430
65163
59531
55773
16951
68267
72846
36221
75912
14272
23290
61962
40210
46918
67478
60708
41589
17465
67895
75868
14167
67842
85080
94822
56202
93999
82406
16800
95554
58386
97394
83187
37468
19290
70194
54850
18109
76715
74494
14330
45259
71702
56906
38472
37305
30474
28332
60509
91003
48819
58508
83177
24804
75796
77940
38313
24725
73745
53712
62313
89257
17705
21321
76705
54767
93070
63014
93773
14003
58959
13261
59566
63209
63552
77508
49907
34440
18283
75552
80458
24443
34675
19822
34900
40424
92995
94690
57528
48388
88831
98252
85790
99254
24111
15194
80089
63305
61219
62981
60018
25509
45357
73191
78572
16938
68858
87944
58819
60134
44158
63033
21917
96993
71475
81270
69340
86101
26671
77858
43613
91722
69422
79808
29568
47490
65718
90235
11795
33988
27044
78677
44812
45139
90720
50027
40234
77792
78451
60703
93349
11593
12915
54325
10500
63503
94188
33185
70105
68979
28009
62538
39728
91101
73142
33521
62529
21808
23372
65668
51279
17918
72472
92121
34749
97855
92689
86291
19849
36863
70457
50740
11234
86003
14480
14936
46338
13953
28608
94982
25272
28373
77429
46927
22422
66671
54861
74430
84777
11697
85366
36369
95531
39307
80584
52543
49871
89058
20261
39974
51649
57049
96796
98212
28850
71046
42782
28514
61051
31167
86225
99283
13668
83645
19752
40379
41603
33719
47356
20215
67605
90758
51868
33021
14639
86901
26974
84340
51919
31270
39802
64121
70695
30845
51087
84771
70632
59573
27540
67586
33091
74294
37727
13106
15807
26253
28325
42318
46662
34447
39606
95834
98795
96172
90225
98790
60201
23388
25617
89316
87332
62337
38065
82305
39965
12200
55473
70828
81601
74227
91494
82097
47770
23131
20235
60632
78944
84468
77573
21031
49561
16746
26601
97591
56428
36688
88084
92438
32571
73213
78334
31321
73369
17504
44022
78247
65026
34924
37528
40122
92469
28591
85333
82870
90324
35127
41473
93245
24773
44047
18794
41619
66726
88540
62972
26154
27557
38944
75104
87354
63850
12733
99465
18544
68690
90629
32441
40937
11761
73069
73829
35521
88708
73502
78331
75258
74416
83157
49365
19067
80651
37120
82754
71242
64715
27681
34657
94172
30810
65638
29699
68373
59311
20641
69361
57185
15953
61299
48394
59832
50572
56859
25346
15461
49136
24328
26189
78353
66393
17275
55829
77056
17561
43184
30892
89016
55124
18690
36154
73856
98690
17905
96586
63178
41239
12192
57135
21901
51511
16203
27929
44894
32240
17703
64828
90813
92664
78317
67302
68425
95527
91628
67546
50305
41215
38065
59978
45832
45700
15229
61421
11449
36115
19121
71405
13060
76021
28367
64473
26093
34457
91154
34735
55492
76170
29077
74999
57705
10798
47427
10886
44214
71918
82974
50961
77256
41950
19234
56389
58374
49196
79166
93556
12937
84783
79809
29397
99020
71990
73363
79580
85214
35627
25464
60870
84040
47169
73246
37258
38270
40086
43114
62167
22423
29670
47608
83473
39201
69740
49898
28424
54855
15968
31673
16996
80842
98650
27301
24991
64140
19672
63265
23000
79747
52504
19633
37188
13494
49144
31493
88394
55161
76031
32332
11031
14617
93953
37401
32816
19434
16074
13897
93151
92325
94689
72934
21474
65220
72201
35562
75506
37553
64065
35497
50221
33588
28161
53722
19888
27481
83839
72834
51122
57474
15544
62707
11427
85835
24662
72429
45432
22699
25918
92584
44975
74957
36440
27025
56090
21337
49751
29903
55943
66431
46212
91950
41944
28915
83342
49842
77466
81657
96145
87362
33078
46443
15989
86314
62487
64795
45338
49274
27515
68026
87910
69976
91412
27887
83855
24871
69555
32246
12274
34389
60301
44121
83052
57283
96123
61442
20729
17512
89468
41732
59091
23530
74196
87005
95783
77049
60029
48880
75458
82760
83788
54295
62415
80841
67058
88917
26657
68912
84744
65076
81581
75803
36199
78803
40647
12094
38348
39273
21830
35265
87130
74443
88315
12888
43940
98945
88443
77710
31287
72236
52126
42087
29824
41887
86329
98794
99243
75315
42706
38867
63676
69855
37643
30991
50275
23140
56739
99281
65349
28044
51248
16946
10268
28971
51514
75960
92701
99376
63397
17760
62950
86097
66846
39038
39971
99633
93129
21233
93553
34490
22382
71409
23002
34512
95255
14483
27782
13614
74077
49275
46788
29634
97063
60679
25922
92477
48612
44918
35531
80874
88228
84275
39082
29428
64811
54331
93248
77960
51788
68684
97018
87078
74972
73145
85438
33872
49400
83602
41004
85951
56163
43874
62174
46230
71292
15080
59511
80165
48619
87765
42472
53872
50997
42012
32555
13743
83966
84977
30616
71516
27343
63019
69633
32514
21435
58804
92273
66824
34448
78567
47983
29654
90199
45744
14273
40987
72377
95871
30937
46626
75192
46478
29258
49002
30809
68151
84331
87417
29972
50723
77545
44968
62949
58153
57965
74093
50821
54659
18407
29413
78130
43081
97531
27135
69375
36280
11188
96390
71181
43380
54711
71810
40791
34494
33878
36318
31772
51867
23101
71856
37633
27207
12625
25451
66292
86931
10260
22735
96420
61747
95621
82056
77968
95207
64478
29848
32107
46309
77920
26254
50663
33137
81252
53561
79715
71952
99075
25010
86183
91197
12937
69014
49907
32712
68687
91270
67658
49208
23869
22480
43661
16982
74762
90479
80284
41264
54096
85010
87357
61083
17099
16919
42378
49212
64962
48852
21095
90365
97379
24943
91797
80832
13545
36164
99651
21381
74208
51188
96394
85447
83998
68130
31305
71787
91320
27183
28684
57381
31194
30598
74366
19429
36935
56845
11422
55344
23262
75434
56764
80765
21845
86667
14580
74181
41636
75931
81161
97418
65482
84767
29491
66987
69678
63265
91980
99188
80407
52856
82800
61632
96920
38854
21394
31673
90518
18028
77318
82479
97109
86683
40661
94110
73910
23215
22060
87596
96573
34713
49207
18781
54073
22877
49030
97913
81400
62917
76217
81929
41845
59421
69935
74119
23039
49866
61852
43413
16265
62021
54271
56051
29840
67315
16298
38450
95218
39999
20726
39883
79633
28619
57796
63084
90248
66924
10368
51374
62440
36896
68104
51392
97056
34040
76347
23372
86443
63558
99167
32238
43162
28238
71737
70876
84999
36783
15205
56712
47939
20087
45383
73464
81277
15441
23259
99291
69100
94104
97491
73150
82966
67371
62687
64977
36732
57502
77353
15757
58298
51198
72883
62297
55508
44305
31044
21683
94887
36963
22174
87568
38903
68280
32272
28556
65771
35043
10804
50002
12351
47397
58436
46232
60070
15150
22227
14199
42759
60886
16653
92550
87209
85159
35901
52334
80780
99480
66746
45093
62583
79629
63181
57790
36160
91879
93998
55907
20676
61918
58211
68235
78964
23767
25308
91248
86882
80974
99588
58057
27657
15650
18152
75085
45745
73198
82071
93242
87658
90542
54022
73370
78484
34828
33110
95127
46246
98621
18061
47909
90188
75535
24208
59164
76891
12511
13549
30939
55191
94791
34690
19771
71631
31252
14053
90992
57398
10364
48412
52962
61241
20799
40524
58940
20105
41272
72132
63479
78511
24867
34988
30719
28442
53350
60331
37897
38923
16888
73461
84694
43066
88536
16095
69852
31272
13637
75570
68517
83955
43012
43367
45852
14512
41288
63980
81894
16368
35300
38463
77470
28434
43672
54998
94757
86210
69583
11730
21613
15206
27309
56678
79828
99175
40736
10267
29298
38350
59096
87645
52502
53645
29005
75179
66025
60178
32720
91883
14214
47870
96853
25053
43722
60684
69568
83521
21900
13630
27272
92995
30759
30531
57512
86956
87331
30648
99799
20289
87924
10253
57428
85441
63278
39775
33494
42079
36295
13442
59685
33973
10976
68897
54743
76338
32416
70996
49336
39855
98073
40915
64665
29478
29350
26050
12194
93158
96832
12023
55761
36996
83350
47962
49352
31950
70406
20641
24480
13776
66206
81066
96390
24767
34975
82590
61039
10017
63319
71080
31893
42871
23154
71826
25176
38596
94698
98430
46216
69255
74906
13148
47439
51432
81836
93925
67004
93874
19604
63751
45739
49476
57107
93100
52586
34209
39954
94035
76017
69227
21681
98346
19871
82979
64828
59038
53459
71806
67478
49972
36970
41172
57909
92081
94295
98615
33477
39255
28954
35762
74224
45188
30842
91928
45111
71831
59168
43792
18031
94647
89876
98312
54034
55904
50063
46493
86588
87603
86323
53832
61740
70335
52126
24234
74049
94466
90492
14376
24525
98082
66177
89732
26029
90024
11604
43718
76983
94686
18288
42673
13902
40470
77623
90230
34633
33821
75748
20935
62061
69331
23480
10012
36675
73059
12605
75560
90004
68036
93958
85879
50777
92273
37667
23253
81176
40818
69426
86489
41518
50260
25088
62972
41216
82050
31072
62849
15671
26296
53598
49289
45231
86965
99823
33030
33311
52690
26812
93638
79576
83925
27477
80155
57917
16949
14864
32518
87722
89754
18276
92732
64821
56375
57129
76684
76659
79634
17904
36123
63643
63198
89029
34548
48732
49619
96998
69894
40005
48093
90635